State,Account Length,Area Code,Int'l Plan,VMail Plan,VMail Message,Day Mins,Day Calls,Eve Mins,Eve Calls,Night Mins,Night Calls,Intl Mins,Intl Calls,CustServ Calls,Churn?
KS,128,415,no,yes,25,265.1,110,197.4,99,244.7,91,10.0,3,1,False.
OH,107,415,no,yes,26,161.6,123,195.5,103,254.4,103,13.7,3,1,False.
NJ,137,415,no,no,0,243.4,114,121.2,110,162.6,104,12.2,5,0,False.
OH,84,408,yes,no,0,299.4,71,61.9,88,196.9,89,6.6,7,2,False.
OK,75,415,yes,no,0,166.7,113,148.3,122,186.9,121,10.1,3,3,False.
AL,118,510,yes,no,0,223.4,98,220.6,101,203.9,118,6.3,6,0,False.
MA,121,510,no,yes,24,218.2,88,348.5,108,212.6,118,7.5,7,3,False.
MO,147,415,yes,no,0,157.0,79,103.1,94,211.8,96,7.1,6,0,False.
LA,117,408,no,no,0,184.5,97,351.6,80,215.8,90,8.7,4,1,False.
WV,141,415,yes,yes,37,258.6,84,222.0,111,326.4,97,11.2,5,0,False.
IN,65,415,no,no,0,129.1,137,228.5,83,208.8,111,12.7,6,4,True.
RI,74,415,no,no,0,187.7,127,163.4,148,196.0,94,9.1,5,0,False.
IA,168,408,no,no,0,128.8,96,104.9,71,141.1,128,11.2,2,1,False.
MT,95,510,no,no,0,156.6,88,247.6,75,192.3,115,12.3,5,3,False.
IA,62,415,no,no,0,120.7,70,307.2,76,203.0,99,13.1,6,4,False.
NY,161,415,no,no,0,332.9,67,317.8,97,160.6,128,5.4,9,4,True.
ID,85,408,no,yes,27,196.4,139,280.9,90,89.3,75,13.8,4,1,False.
VT,93,510,no,no,0,190.7,114,218.2,111,129.6,121,8.1,3,3,False.
VA,76,510,no,yes,33,189.7,66,212.8,65,165.7,108,10.0,5,1,False.
TX,73,415,no,no,0,224.4,90,159.5,88,192.8,74,13.0,2,1,False.
FL,147,415,no,no,0,155.1,117,239.7,93,208.8,133,10.6,4,0,False.
CO,77,408,no,no,0,62.4,89,169.9,121,209.6,64,5.7,6,5,True.
AZ,130,415,no,no,0,183.0,112,72.9,99,181.8,78,9.5,19,0,False.
SC,111,415,no,no,0,110.4,103,137.3,102,189.6,105,7.7,6,2,False.
VA,132,510,no,no,0,81.1,86,245.2,72,237.0,115,10.3,2,0,False.
NE,174,415,no,no,0,124.3,76,277.1,112,250.7,115,15.5,5,3,False.
WY,57,408,no,yes,39,213.0,115,191.1,112,182.7,115,9.5,3,0,False.
MT,54,408,no,no,0,134.3,73,155.5,100,102.1,68,14.7,4,3,False.
MO,20,415,no,no,0,190.0,109,258.2,84,181.5,102,6.3,6,0,False.
HI,49,510,no,no,0,119.3,117,215.1,109,178.7,90,11.1,1,1,False.
IL,142,415,no,no,0,84.8,95,136.7,63,250.5,148,14.2,6,2,False.
NH,75,510,no,no,0,226.1,105,201.5,107,246.2,98,10.3,5,1,False.
LA,172,408,no,no,0,212.0,121,31.2,115,293.3,78,12.6,10,3,False.
AZ,12,408,no,no,0,249.6,118,252.4,119,280.2,90,11.8,3,1,True.
OK,57,408,no,yes,25,176.8,94,195.0,75,213.5,116,8.3,4,0,False.
GA,72,415,no,yes,37,220.0,80,217.3,102,152.8,71,14.7,6,3,False.
AK,36,408,no,yes,30,146.3,128,162.5,80,129.3,109,14.5,6,0,False.
MA,78,415,no,no,0,130.8,64,223.7,116,227.8,108,10.0,5,1,False.
AK,136,415,yes,yes,33,203.9,106,187.6,99,101.7,107,10.5,6,3,False.
NJ,149,408,no,no,0,140.4,94,271.8,92,188.3,108,11.1,9,1,False.
GA,98,408,no,no,0,126.3,102,166.8,85,187.8,135,9.4,2,3,False.
MD,135,408,yes,yes,41,173.1,85,203.9,107,122.2,78,14.6,15,0,True.
AR,34,510,no,no,0,124.8,82,282.2,98,311.5,78,10.0,4,2,False.
ID,160,415,no,no,0,85.8,77,165.3,110,178.5,92,9.2,4,3,False.
WI,64,510,no,no,0,154.0,67,225.8,118,265.3,86,3.5,3,1,False.
OR,59,408,no,yes,28,120.9,97,213.0,92,163.1,116,8.5,5,2,False.
MI,65,415,no,no,0,211.3,120,162.6,122,134.7,118,13.2,5,3,False.
DE,142,408,no,no,0,187.0,133,134.6,74,242.2,127,7.4,5,2,False.
ID,119,415,no,no,0,159.1,114,231.3,117,143.2,91,8.8,3,5,True.
WY,97,415,no,yes,24,133.2,135,217.2,58,70.6,79,11.0,3,1,False.
IA,52,408,no,no,0,191.9,108,269.8,96,236.8,87,7.8,5,3,False.
IN,60,408,no,no,0,220.6,57,211.1,115,249.0,129,6.8,3,1,False.
VA,10,408,no,no,0,186.1,112,190.2,66,282.8,57,11.4,6,2,False.
UT,96,415,no,no,0,160.2,117,267.5,67,228.5,68,9.3,5,2,False.
WY,87,415,no,no,0,151.0,83,219.7,116,203.9,127,9.7,3,5,True.
IN,81,408,no,no,0,175.5,67,249.3,85,270.2,98,10.2,3,1,False.
CO,141,415,no,no,0,126.9,98,180.0,62,140.8,128,8.0,2,1,False.
CO,121,408,no,yes,30,198.4,129,75.3,77,181.2,77,5.8,3,3,True.
WI,68,415,no,no,0,148.8,70,246.5,164,129.8,103,12.1,3,3,False.
OK,125,408,no,no,0,229.3,103,177.4,126,189.3,95,12.0,8,1,False.
ID,174,408,no,no,0,192.1,97,169.9,94,166.6,54,11.4,4,1,False.
CA,116,415,no,yes,34,268.6,83,178.2,142,166.3,106,11.6,3,2,False.
MN,74,510,no,yes,33,193.7,91,246.1,96,138.0,92,14.6,3,2,False.
SD,149,408,no,yes,28,180.7,92,187.8,64,265.5,53,12.6,3,3,False.
NC,38,408,no,no,0,131.2,98,162.9,97,159.0,106,8.2,6,2,False.
WA,40,415,no,yes,41,148.1,74,169.5,88,214.1,102,6.2,5,2,False.
WY,43,415,yes,no,0,251.5,105,212.8,104,157.8,67,9.3,4,0,False.
MN,113,408,yes,no,0,125.2,93,206.4,119,129.3,139,8.3,8,0,False.
UT,126,408,no,no,0,211.6,70,216.9,80,153.5,60,7.8,1,1,False.
TX,150,510,no,no,0,178.9,101,169.1,110,148.6,100,13.8,3,4,True.
NJ,138,408,no,no,0,241.8,93,170.5,83,295.3,104,11.8,7,3,False.
MN,162,510,no,yes,46,224.9,97,188.2,84,254.6,61,12.1,2,0,False.
NM,147,510,no,no,0,248.6,83,148.9,85,172.5,109,8.0,4,3,False.
NV,90,415,no,no,0,203.4,146,226.7,117,152.4,105,7.3,4,1,False.
HI,85,415,no,no,0,235.8,109,157.2,94,188.2,99,12.0,3,0,False.
MN,50,415,no,no,0,157.1,90,223.3,72,181.4,111,6.1,2,1,False.
DC,82,415,no,no,0,300.3,109,181.0,100,270.1,73,11.7,4,0,True.
NY,144,408,no,no,0,61.6,117,77.1,85,173.0,99,8.2,7,4,True.
MN,46,415,no,no,0,214.1,72,164.4,104,177.5,113,8.2,3,2,False.
MD,70,408,no,no,0,170.2,98,155.2,102,228.6,76,15.0,2,1,False.
WV,144,415,no,no,0,201.1,99,303.5,74,224.0,119,13.2,2,1,False.
OR,116,415,yes,no,0,215.4,104,204.8,79,278.5,109,12.6,5,3,False.
CO,55,408,no,yes,25,165.6,123,136.1,95,175.7,90,11.0,2,3,False.
GA,70,415,no,yes,24,249.5,101,259.7,98,222.7,68,9.8,4,1,False.
TX,106,510,no,no,0,210.6,96,249.2,85,191.4,88,12.4,1,2,True.
VT,128,510,no,yes,29,179.3,104,225.9,86,323.0,78,8.6,7,0,False.
IN,94,408,no,no,0,157.9,105,155.0,101,189.6,84,8.0,5,4,True.
WV,111,510,no,no,0,214.3,118,208.5,76,182.4,98,12.0,2,1,False.
KY,74,415,no,yes,35,154.1,104,123.4,84,202.1,57,10.9,9,2,False.
NJ,128,415,no,no,0,237.9,125,247.6,93,208.9,68,13.9,4,1,True.
DC,82,510,no,no,0,143.9,61,194.9,105,109.6,94,11.1,2,1,False.
LA,155,415,no,no,0,203.4,100,190.9,104,196.0,119,8.9,4,0,True.
AR,80,415,no,no,0,124.3,100,173.0,107,253.2,62,7.9,9,1,False.
ME,78,415,no,no,0,252.9,93,178.4,112,263.9,105,9.5,7,3,False.
AZ,90,415,no,no,0,179.1,71,190.6,81,127.7,91,10.6,7,3,False.
AK,104,408,no,no,0,278.4,106,81.0,113,163.2,137,9.8,5,1,False.
MT,73,415,no,no,0,160.1,110,213.3,72,174.1,72,13.0,4,0,False.
AZ,99,415,no,no,0,198.2,87,207.3,76,190.9,113,8.7,3,4,False.
MS,120,408,no,no,0,212.1,131,209.4,104,167.2,96,5.3,5,1,True.
ID,77,415,no,no,0,251.8,72,205.7,126,275.2,109,9.8,7,2,True.
IA,98,510,no,yes,21,161.2,114,252.2,83,160.2,92,4.4,8,4,False.
MA,108,415,no,no,0,178.3,137,189.0,76,129.1,102,14.6,5,0,False.
VT,135,415,no,no,0,151.7,82,119.0,105,180.0,100,10.5,6,0,False.
KY,95,408,no,no,0,135.0,99,183.6,106,245.3,102,12.5,9,1,False.
IN,122,408,no,no,0,170.5,94,173.7,109,248.6,75,11.3,2,1,False.
AZ,95,408,no,no,0,238.1,65,187.2,98,190.0,115,11.8,4,4,False.
MI,36,510,no,yes,29,281.4,102,202.2,76,187.2,113,9.0,6,2,False.
NM,93,510,no,yes,21,117.9,131,164.5,115,217.0,86,9.8,3,1,False.
CO,141,415,no,yes,32,148.6,91,131.1,97,219.4,142,10.1,1,1,False.
UT,157,408,no,no,0,229.8,90,147.9,121,241.4,108,9.6,7,3,False.
MI,120,408,no,no,0,165.0,100,317.2,83,119.2,86,8.3,8,1,False.
MA,103,415,no,no,0,185.0,117,223.3,94,222.8,91,12.6,2,2,False.
AL,98,408,no,no,0,161.0,117,190.9,113,227.7,113,12.1,4,4,False.
DE,125,408,no,no,0,126.7,108,206.0,90,247.8,114,13.3,7,1,False.
AZ,63,415,no,no,0,58.9,125,169.6,59,211.4,88,9.4,3,1,False.
ME,36,510,yes,yes,42,196.8,89,254.9,122,138.3,126,20.0,6,0,True.
NJ,64,510,no,no,0,162.6,83,152.3,109,57.5,122,14.2,3,1,False.
NV,74,415,no,no,0,282.5,114,219.9,48,170.0,115,9.4,4,1,True.
MO,112,510,no,yes,36,113.7,117,157.5,82,177.6,118,10.0,3,2,False.
ID,97,408,no,no,0,239.8,125,214.8,111,143.3,81,8.7,5,2,False.
NE,46,408,no,no,0,210.2,92,227.3,77,200.1,116,13.1,7,1,False.
TX,41,408,no,yes,22,213.8,102,141.8,86,142.2,123,7.2,3,0,False.
MD,121,510,no,no,0,190.7,103,183.5,117,220.8,103,9.8,4,3,False.
MS,193,415,no,no,0,170.9,124,132.3,95,112.9,89,11.6,3,1,False.
NV,130,510,no,no,0,154.2,119,110.2,98,227.4,117,9.2,5,2,False.
AZ,85,408,no,no,0,201.4,52,229.4,104,252.5,106,12.0,3,1,False.
MS,162,415,no,no,0,70.7,108,157.5,87,154.8,82,9.1,3,4,True.
MS,61,510,no,yes,27,187.5,124,146.6,103,225.7,129,6.4,6,4,True.
TX,92,408,no,no,0,91.7,90,193.7,123,175.0,86,9.2,4,2,False.
NE,131,408,no,yes,36,214.2,115,161.7,117,264.7,102,9.5,4,3,False.
NE,90,415,no,no,0,145.5,92,217.7,114,146.9,123,10.9,2,3,False.
CA,75,408,no,no,0,166.3,125,158.2,86,256.7,80,6.1,5,1,False.
NJ,78,415,no,no,0,231.0,115,230.4,140,261.4,120,9.5,3,1,False.
TX,82,408,no,no,0,200.3,96,201.2,102,206.1,60,7.1,1,4,False.
AR,163,408,no,no,0,197.0,109,202.6,128,206.4,80,9.1,10,1,False.
AL,91,510,yes,no,0,129.9,112,173.3,83,247.2,130,11.2,3,3,False.
NY,75,415,no,yes,21,175.8,97,217.5,106,237.5,134,5.3,4,5,False.
FL,91,510,no,no,0,203.1,106,210.1,113,195.6,129,12.0,3,3,False.
AK,127,510,no,yes,36,183.2,117,126.8,76,263.3,71,11.2,8,1,False.
NV,113,415,no,yes,23,205.0,101,152.0,60,158.6,59,10.2,5,2,False.
DE,110,510,no,no,0,148.5,115,276.4,84,193.6,112,12.4,3,1,False.
MD,120,415,no,yes,39,200.3,68,220.4,97,253.8,116,10.5,4,0,False.
MI,157,415,no,yes,28,192.6,107,195.5,74,109.7,139,6.8,5,3,False.
VT,103,510,no,no,0,246.5,47,195.5,84,200.5,96,11.7,4,1,False.
VT,117,408,yes,no,0,167.1,86,177.5,87,249.4,132,14.1,7,2,True.
MI,140,415,no,no,0,231.9,101,160.1,94,110.4,98,14.3,6,3,False.
WA,127,408,no,no,0,146.7,91,203.5,78,203.4,110,13.7,3,1,False.
UT,83,408,yes,no,0,271.5,87,216.3,126,121.1,105,11.7,4,1,False.
LA,121,408,no,no,0,181.5,121,218.4,98,161.6,103,8.5,5,1,False.
RI,145,408,no,yes,43,257.7,97,162.1,95,286.9,86,11.1,4,2,False.
IA,113,408,no,no,0,193.8,99,221.4,125,172.3,67,10.6,6,1,False.
NE,117,415,no,no,0,102.8,119,206.7,91,299.0,105,10.1,7,1,False.
OH,65,408,no,no,0,187.9,116,157.6,117,227.3,86,7.5,6,1,False.
RI,56,415,no,no,0,226.0,112,248.5,118,140.5,142,6.9,11,1,False.
OK,96,415,no,no,0,260.4,115,146.0,46,269.5,87,11.5,4,5,False.
LA,151,408,no,no,0,178.7,116,292.1,138,265.9,101,9.8,4,0,False.
OH,83,415,no,no,0,337.4,120,227.4,116,153.9,114,15.8,7,0,True.
VA,139,510,no,yes,23,157.6,129,247.0,96,259.2,112,13.7,2,0,False.
MO,6,510,no,no,0,183.6,117,256.7,72,178.6,79,10.2,2,1,False.
FL,115,510,no,yes,24,142.1,124,183.4,129,164.8,114,9.6,4,1,False.
SC,87,415,no,no,0,136.3,97,172.2,108,137.5,101,7.1,5,0,False.
VA,141,415,no,no,0,217.1,110,241.5,111,253.5,103,12.0,6,0,False.
IA,141,510,no,yes,36,187.5,99,241.4,116,229.5,105,10.5,5,3,False.
MI,62,415,no,no,0,98.9,103,135.4,122,236.6,82,12.2,1,1,False.
OK,146,415,no,no,0,206.3,151,148.6,89,167.2,91,6.1,3,1,False.
DE,92,415,no,yes,33,243.1,92,213.8,92,228.7,104,12.1,2,2,False.
GA,185,510,no,yes,31,189.8,126,163.3,133,264.8,126,7.5,3,1,False.
DC,148,415,no,no,0,202.0,102,243.2,128,261.3,90,10.9,3,1,False.
AZ,94,408,no,yes,38,170.1,124,193.3,116,105.9,73,12.8,4,1,False.
AL,32,510,no,no,0,230.9,87,187.4,90,154.0,53,6.3,2,0,False.
CO,68,408,no,no,0,237.1,105,223.5,105,97.4,79,13.2,2,1,False.
NH,64,408,no,yes,27,182.1,91,169.7,98,164.7,86,10.6,5,2,False.
NM,25,415,no,no,0,119.3,87,211.5,101,268.9,86,10.5,4,3,False.
OR,65,415,no,no,0,116.8,87,178.9,93,182.4,150,14.1,2,1,False.
LA,179,408,no,no,0,219.2,92,149.4,125,244.7,104,6.1,5,0,False.
NE,94,415,no,no,0,252.6,104,169.0,125,170.9,106,11.1,7,2,False.
MN,62,415,no,no,0,147.1,91,190.4,107,195.2,115,12.2,3,0,False.
MI,127,415,no,no,0,202.1,103,229.4,86,195.2,113,11.5,3,2,False.
AR,116,408,no,no,0,173.5,93,194.1,76,208.0,112,16.2,10,3,False.
KS,70,408,no,no,0,232.1,122,292.3,112,201.2,112,0.0,0,3,False.
WV,94,510,yes,yes,23,197.1,125,214.5,136,282.2,103,9.5,5,4,False.
AK,126,415,no,no,0,58.2,94,138.7,118,136.8,91,11.9,1,5,True.
NY,67,408,no,yes,36,115.6,111,237.7,94,169.9,103,9.9,12,2,False.
NH,19,408,no,no,0,186.1,98,254.3,57,214.0,127,14.6,7,2,False.
VA,170,510,yes,no,0,259.9,68,245.0,122,134.4,121,8.4,3,3,False.
NM,73,415,no,no,0,214.3,145,268.5,135,241.2,92,10.8,13,1,False.
NY,106,408,no,no,0,158.7,74,64.3,139,198.5,103,10.2,4,1,False.
AZ,93,415,no,no,0,271.6,71,229.4,108,77.3,121,10.9,3,2,False.
WY,164,510,no,no,0,160.6,111,163.2,126,187.1,112,9.0,3,1,False.
WA,51,408,no,no,0,232.4,109,187.4,95,231.2,107,9.1,3,1,False.
CO,107,415,no,no,0,133.8,85,180.5,94,112.2,115,8.9,4,0,False.
TX,130,415,no,no,0,176.9,109,90.7,104,238.0,69,9.5,2,1,False.
KY,80,408,no,no,0,209.9,74,195.1,77,208.2,119,8.8,4,2,False.
MT,94,415,no,no,0,137.5,118,203.2,88,150.0,131,13.4,2,0,False.
OK,118,408,no,yes,23,289.5,52,166.6,111,119.1,88,9.5,4,1,False.
MD,117,415,no,yes,23,198.1,86,177.0,86,180.5,92,6.8,6,1,False.
TN,78,415,no,no,0,149.7,119,182.2,115,261.5,126,9.7,8,0,False.
TX,208,510,no,no,0,326.5,67,176.3,113,181.7,102,10.7,6,2,True.
ME,131,510,yes,yes,26,292.9,101,199.7,97,255.3,127,13.8,7,4,True.
DC,63,408,no,no,0,83.0,64,177.0,106,245.7,89,13.0,3,0,False.
MN,53,415,no,yes,24,145.7,146,220.5,136,249.9,96,13.1,5,3,False.
DE,62,408,no,no,0,182.3,101,328.2,93,245.0,131,11.2,1,2,False.
MD,97,415,no,no,0,218.0,86,184.0,94,240.5,110,6.4,8,3,False.
MI,105,510,no,no,0,140.6,109,178.6,51,217.0,83,6.8,3,2,False.
WA,157,415,no,no,0,152.7,105,257.5,80,198.1,93,9.4,4,1,False.
MO,66,415,no,yes,36,106.7,76,209.8,77,190.4,117,12.1,2,1,False.
IN,122,415,no,no,0,243.8,98,83.9,72,179.8,84,13.7,8,2,False.
OR,38,415,no,no,0,194.4,94,186.7,95,223.3,90,10.8,5,3,False.
MD,106,510,no,no,0,213.9,95,151.9,70,260.1,124,12.2,5,3,False.
RI,99,510,no,no,0,217.2,112,246.7,89,226.1,89,15.8,7,3,False.
LA,99,415,no,no,0,241.1,72,155.6,98,188.2,109,11.6,10,1,False.
AZ,144,510,yes,no,0,203.5,100,247.6,103,194.3,94,11.9,11,0,False.
PA,82,415,no,yes,24,155.2,131,244.5,106,122.4,68,10.7,3,1,False.
AZ,86,408,no,yes,31,167.6,139,113.0,118,246.9,121,12.2,6,1,False.
FL,70,510,yes,no,0,226.7,98,228.1,115,73.2,93,17.6,4,2,True.
LA,93,415,no,no,0,179.3,93,178.6,98,225.2,131,11.5,6,3,False.
FL,93,415,no,no,0,151.4,89,186.4,76,172.5,120,10.9,3,0,False.
FL,120,415,no,no,0,180.0,80,224.2,82,265.4,91,4.7,7,3,False.
MD,136,415,no,no,0,250.2,121,267.1,118,151.0,114,13.0,2,1,True.
AL,106,415,no,no,0,223.0,121,110.1,98,188.7,107,7.1,12,0,False.
WA,81,415,no,no,0,183.6,116,152.6,98,212.2,99,12.2,6,3,False.
TN,127,408,no,yes,22,166.0,114,174.5,103,244.9,68,10.2,6,1,False.
MS,65,415,no,no,0,136.1,112,272.9,96,220.2,104,4.4,2,1,False.
ME,35,408,no,no,0,149.3,113,242.2,122,174.3,104,8.9,6,2,False.
OK,88,408,no,no,0,65.4,97,168.2,76,236.0,113,13.8,1,2,False.
IN,65,415,no,no,0,213.4,111,234.5,94,250.1,123,2.7,4,1,False.
MO,123,415,no,no,0,206.9,85,244.7,78,221.5,136,7.7,2,3,False.
IA,126,408,no,yes,27,186.2,78,189.6,83,76.5,139,9.6,3,2,False.
VA,104,415,no,yes,23,280.2,136,220.5,92,136.9,102,13.3,3,4,False.
KY,45,415,no,yes,22,196.6,84,313.2,92,163.3,108,11.9,3,0,False.
MD,93,408,yes,no,0,312.0,109,129.4,100,217.6,74,10.5,2,0,True.
OH,63,415,yes,yes,36,199.0,110,291.3,111,197.6,92,11.0,6,1,False.
OK,100,415,no,no,0,203.1,96,217.0,126,180.9,122,13.5,2,3,False.
NV,53,415,no,no,0,168.8,97,220.3,87,154.3,113,10.9,2,0,False.
ID,92,415,yes,no,0,173.1,140,240.3,105,233.2,117,9.0,5,1,False.
MN,139,510,no,no,0,134.4,106,211.3,98,193.6,125,10.2,2,5,True.
SD,110,408,no,yes,40,202.6,103,118.8,128,234.9,98,9.0,9,2,False.
IL,110,408,no,no,0,74.5,117,200.8,98,192.2,101,9.8,7,3,False.
WY,215,510,no,no,0,83.6,148,120.9,91,226.6,110,10.7,9,0,False.
AL,73,415,no,no,0,192.2,86,168.6,116,139.8,87,9.4,6,1,False.
NJ,138,510,no,no,0,220.2,89,88.3,125,195.3,79,12.9,5,0,False.
NV,137,415,yes,no,0,135.1,95,134.1,102,223.1,81,12.3,2,2,True.
IN,36,415,no,no,0,253.4,77,182.4,151,275.8,103,8.4,2,1,False.
WV,85,408,no,no,0,225.0,81,176.9,63,194.3,110,7.1,2,3,False.
VA,108,408,no,no,0,198.5,99,267.8,60,354.9,75,9.4,3,0,True.
SC,22,408,no,no,0,110.3,107,166.5,93,202.3,96,9.5,5,0,False.
RI,107,415,no,yes,37,60.0,102,102.2,80,261.8,106,11.1,3,0,False.
IN,51,510,no,no,0,214.8,94,149.7,58,283.4,66,10.2,5,0,False.
AZ,94,408,no,no,0,181.8,85,202.4,98,245.9,97,9.2,2,4,False.
NM,119,510,no,yes,23,154.0,114,278.0,137,228.4,112,11.8,4,2,False.
OR,33,415,no,yes,29,157.4,99,117.9,80,279.2,79,13.9,11,4,True.
NJ,106,415,no,no,0,207.9,91,172.0,109,191.8,143,14.4,7,4,False.
MS,82,408,no,no,0,207.0,90,232.9,83,172.4,108,9.1,8,3,False.
MI,86,510,no,yes,41,119.0,101,230.0,134,236.9,58,9.5,3,0,False.
TX,97,415,yes,no,0,143.7,117,273.0,82,178.3,81,10.9,3,0,False.
FL,106,408,no,yes,32,165.9,126,216.5,93,173.1,86,14.1,8,4,False.
DC,108,510,no,no,0,138.6,122,172.3,117,231.6,92,9.8,3,1,False.
TX,114,415,no,no,0,84.7,118,249.9,86,193.4,95,14.5,8,1,False.
KS,92,408,yes,no,0,62.6,111,180.6,126,221.7,80,10.4,2,1,True.
UT,59,510,no,no,0,155.2,79,235.3,123,169.4,80,8.7,4,1,False.
MN,24,510,no,yes,25,164.9,110,209.3,105,231.2,55,6.7,9,1,False.
IL,151,408,no,no,0,134.5,88,143.1,112,223.9,61,15.4,1,1,False.
NM,117,415,no,no,0,143.3,103,211.3,108,185.2,96,11.5,3,1,False.
SC,78,510,no,no,0,168.3,110,221.2,73,241.0,136,12.5,1,1,False.
NC,155,408,no,no,0,262.4,55,194.6,113,146.5,85,8.3,6,2,False.
WV,114,510,no,yes,30,206.2,79,260.0,91,291.6,83,11.4,6,1,False.
RI,114,510,no,yes,28,225.8,94,193.0,117,232.4,100,8.4,9,4,False.
NH,119,408,no,no,0,138.3,89,170.5,78,263.9,98,13.5,6,3,False.
MO,64,510,no,yes,48,94.4,104,136.2,101,147.4,89,4.5,4,0,False.
MA,118,408,yes,no,0,160.0,123,175.4,96,184.8,99,9.9,3,2,False.
PA,101,415,no,no,0,206.6,105,224.9,117,249.9,100,14.6,3,0,False.
OK,117,415,no,no,0,134.7,121,180.0,83,200.9,104,7.7,3,1,False.
AL,49,415,no,yes,28,214.4,78,235.2,100,206.2,107,8.0,13,3,False.
WY,139,415,no,no,0,192.8,104,234.4,96,203.2,101,13.0,3,3,False.
PA,92,408,no,yes,28,151.1,90,194.8,79,239.2,114,10.0,3,1,False.
WA,83,415,no,no,0,221.4,103,231.8,103,122.5,100,9.8,5,3,False.
HI,148,510,yes,no,0,218.9,88,208.0,85,203.3,99,11.1,4,0,False.
SD,144,408,no,yes,48,189.8,96,123.4,67,214.2,106,6.5,2,2,True.
AL,131,415,no,yes,25,192.7,85,225.9,105,254.2,59,10.9,6,2,False.
VT,146,510,yes,no,0,204.4,135,219.1,90,222.7,114,10.5,6,3,False.
MT,143,415,no,no,0,172.3,97,174.0,108,188.2,119,13.0,4,2,False.
MN,81,415,no,no,0,198.4,93,210.9,108,193.3,71,10.4,6,2,False.
AK,48,415,no,yes,37,211.7,115,159.9,84,144.1,80,12.2,1,1,False.
MI,86,415,no,yes,28,221.6,74,288.4,100,240.3,105,9.0,2,1,False.
DE,71,415,no,no,0,197.9,108,181.5,109,281.4,56,6.7,5,3,False.
SD,145,408,no,yes,24,147.5,90,175.7,108,252.1,102,15.6,3,2,False.
MI,137,510,no,no,0,206.4,122,128.0,102,194.5,84,8.8,5,2,False.
KS,137,408,no,no,0,205.9,88,209.3,86,289.9,84,14.5,4,2,False.
AL,167,510,no,no,0,207.6,88,132.4,63,255.2,98,14.1,5,0,False.
OK,89,510,no,no,0,303.9,95,260.9,114,312.1,89,5.3,3,1,True.
CT,199,415,no,yes,34,230.6,121,219.4,99,299.3,94,8.0,2,0,False.
NE,132,510,no,no,0,99.5,110,129.1,80,125.1,124,9.7,3,0,False.
WI,94,510,no,no,0,177.1,112,194.0,112,146.7,108,5.9,4,1,False.
CT,96,415,no,yes,37,172.7,93,120.1,116,216.1,86,10.3,5,5,True.
WI,96,510,no,yes,18,172.7,86,133.4,113,259.5,70,9.8,3,1,False.
IN,166,510,no,no,0,204.2,115,179.9,152,216.8,109,9.5,5,1,False.
DC,74,415,no,no,0,85.7,83,247.7,67,142.4,85,10.1,5,2,False.
AR,36,415,no,no,0,157.6,117,184.3,58,240.4,99,11.9,1,0,False.
ME,113,415,no,no,0,215.5,129,218.7,117,207.1,91,6.6,9,4,False.
MN,94,415,no,no,0,181.5,98,199.9,88,287.7,114,6.6,5,1,False.
MD,67,415,no,no,0,171.7,80,110.4,81,195.4,111,11.9,4,2,False.
FL,127,415,no,no,0,266.6,106,264.8,168,207.2,119,5.9,2,1,True.
RI,121,408,no,no,0,170.4,108,350.5,68,297.0,87,11.2,3,0,True.
IA,158,415,no,no,0,158.0,106,292.5,114,241.1,89,9.1,4,1,False.
AZ,136,510,no,no,0,92.0,117,253.6,77,214.1,90,10.3,10,1,False.
MO,196,415,no,no,0,234.0,109,249.5,114,173.1,70,9.1,5,2,False.
VT,113,415,no,no,0,272.1,111,268.5,118,213.8,105,8.5,10,1,True.
IN,122,408,no,no,0,296.4,99,214.8,89,133.9,107,11.4,3,4,True.
RI,112,510,no,no,0,194.4,101,190.3,82,183.4,107,11.4,2,0,False.
SD,209,415,no,no,0,227.2,128,258.4,92,183.5,74,8.9,4,3,False.
MN,62,415,no,no,0,248.7,109,220.0,118,265.7,78,13.2,2,1,True.
TX,110,415,no,yes,38,236.3,102,195.9,112,183.5,82,9.7,6,1,False.
VA,16,510,no,no,0,205.6,69,169.5,93,220.1,64,10.9,3,0,False.
MA,73,408,no,no,0,94.1,136,280.3,122,205.0,77,9.8,4,0,False.
ID,128,408,no,no,0,125.2,99,205.4,107,254.4,111,18.9,2,0,False.
MA,39,408,no,no,0,60.4,158,306.2,120,123.9,46,12.4,3,1,False.
GA,103,415,no,yes,28,121.0,105,270.4,100,160.5,76,7.7,4,2,False.
RI,119,415,no,yes,29,117.8,66,256.8,114,147.6,76,7.6,3,3,False.
ID,173,510,no,yes,21,232.4,96,211.9,118,273.0,102,5.0,5,3,False.
SD,128,510,yes,yes,32,223.5,81,188.8,74,154.9,101,9.4,2,2,True.
MA,86,510,no,no,0,176.3,79,259.2,97,287.4,78,6.2,3,0,False.
WY,114,415,no,yes,32,125.2,79,177.8,105,232.4,89,12.9,3,1,False.
VA,104,408,no,no,0,138.7,107,256.9,113,234.9,74,10.0,3,0,False.
OR,148,415,no,no,0,86.3,134,246.6,92,251.6,91,11.3,4,1,False.
VA,129,408,no,no,0,207.0,91,154.9,121,245.1,112,13.4,5,3,False.
ME,100,510,no,yes,30,58.8,104,219.5,107,152.3,118,7.1,3,0,False.
AL,121,408,no,yes,35,68.7,95,209.2,69,197.4,42,11.4,4,1,False.
GA,143,408,no,yes,33,239.2,109,235.5,112,156.3,95,9.5,4,1,False.
IA,76,510,no,no,0,198.3,130,217.1,86,188.4,96,12.5,3,0,False.
AZ,158,510,no,no,0,205.2,97,240.6,77,79.7,108,14.4,12,0,False.
FL,116,510,no,no,0,192.1,98,312.9,135,130.2,94,7.9,2,3,False.
MT,54,415,no,no,0,272.6,83,248.7,74,197.4,111,9.5,2,1,True.
AL,86,415,no,no,0,128.3,121,197.1,93,138.4,152,12.2,5,7,True.
DE,108,510,no,no,0,169.6,99,264.1,87,206.3,78,9.3,4,0,False.
MT,66,510,no,no,0,201.3,95,152.8,66,233.2,101,7.5,4,1,False.
KY,151,408,no,yes,17,214.7,97,138.5,90,169.1,44,8.6,4,1,False.
SC,99,510,no,no,0,169.2,70,271.5,77,170.2,104,10.6,2,0,False.
WA,55,415,no,no,0,194.1,121,176.6,110,302.8,136,7.0,7,2,False.
OR,77,510,no,no,0,233.8,104,266.5,94,212.7,104,7.6,3,2,False.
AK,78,408,no,no,0,225.1,67,199.2,127,175.5,102,14.6,2,0,False.
GA,89,415,no,no,0,213.0,63,176.6,71,262.6,126,9.1,1,1,True.
MN,101,415,no,no,0,183.9,115,255.9,101,275.0,145,10.8,11,1,False.
IL,44,415,no,yes,34,221.8,105,161.7,85,227.7,62,14.0,7,0,False.
IN,98,408,no,yes,21,64.6,98,176.1,86,244.8,84,0.0,0,2,False.
SC,64,510,no,yes,37,154.6,92,83.4,103,165.9,99,13.3,3,1,False.
VA,141,415,no,no,0,260.2,131,179.2,120,135.0,119,7.2,8,3,False.
WI,81,415,no,yes,33,161.6,117,123.0,90,261.3,101,12.2,5,1,False.
VT,162,510,no,no,0,220.6,117,155.2,121,186.7,89,10.5,11,1,False.
AZ,83,415,no,yes,41,155.9,122,162.3,107,127.6,105,13.1,5,3,False.
FL,100,510,no,no,0,107.0,63,105.7,67,243.1,74,12.8,3,4,True.
AK,59,510,no,no,0,182.5,104,204.7,95,229.9,100,11.3,8,4,False.
AR,179,415,yes,yes,38,220.1,78,234.3,71,237.3,85,10.1,4,4,False.
AR,79,408,no,no,0,152.2,112,177.2,132,96.4,87,5.3,3,1,False.
AK,117,415,no,no,0,181.5,95,205.1,88,204.0,82,14.7,9,2,False.
MS,64,408,yes,no,0,236.2,77,218.6,85,194.1,97,13.2,2,2,True.
ME,31,415,no,no,0,166.1,105,79.3,93,213.7,98,12.7,2,1,False.
CA,124,408,yes,no,0,244.6,89,188.8,80,206.0,114,11.3,4,1,False.
NM,122,408,no,yes,23,134.2,85,227.3,132,122.4,96,8.5,2,2,False.
NE,37,408,yes,yes,39,149.7,122,211.1,75,114.3,90,9.2,4,1,False.
SC,90,408,no,yes,29,150.1,109,264.7,103,178.4,97,5.8,4,1,False.
CO,159,408,yes,no,0,257.1,53,312.2,127,183.0,82,8.8,6,1,True.
DE,148,415,no,no,0,124.4,83,179.7,81,253.0,99,11.3,6,0,False.
OH,39,415,no,yes,36,141.7,121,232.3,113,222.1,131,12.0,5,1,False.
MS,77,408,no,no,0,230.0,87,103.2,138,309.6,136,11.3,3,2,False.
OK,194,408,no,no,0,162.3,88,213.7,118,192.1,81,10.9,2,0,False.
CO,154,415,no,no,0,350.8,75,216.5,94,253.9,100,10.1,9,1,True.
NC,112,415,no,no,0,193.3,96,264.1,123,128.6,115,9.1,3,4,False.
MD,45,415,no,no,0,78.2,127,253.4,108,255.0,100,18.0,3,1,False.
KS,132,415,no,no,0,83.4,110,232.2,137,146.7,114,7.6,5,1,False.
MA,128,415,no,no,0,195.6,99,267.8,120,164.9,76,16.0,2,0,False.
NC,135,415,no,no,0,201.8,81,225.0,114,204.4,82,10.3,6,1,False.
NM,56,408,no,no,0,197.0,110,222.8,102,225.3,91,10.6,6,2,False.
CA,151,415,yes,no,0,218.0,57,114.4,88,269.2,95,12.4,1,0,True.
NY,32,415,no,no,0,164.8,98,229.9,96,167.3,108,14.8,2,2,False.
AZ,90,415,no,no,0,179.2,77,210.7,99,276.9,58,9.2,6,2,False.
SD,87,415,no,yes,21,214.0,113,180.0,114,134.5,82,10.6,5,0,False.
DC,138,415,no,no,0,170.5,87,118.2,116,187.9,111,11.2,7,2,False.
ND,79,408,no,no,0,205.7,123,214.5,108,226.1,106,6.7,18,1,False.
MO,95,415,yes,no,0,165.5,84,286.2,112,198.9,89,11.5,2,1,True.
KS,127,415,no,no,0,221.0,100,160.7,113,233.1,96,6.8,4,2,False.
SD,137,510,no,no,0,242.1,118,191.0,93,218.6,50,14.7,2,3,False.
OK,97,415,no,no,0,151.6,107,155.4,96,240.0,112,14.7,4,1,False.
OR,149,415,yes,no,0,176.2,87,145.0,81,249.5,92,5.7,4,0,False.
IN,117,415,yes,yes,22,196.0,82,322.7,82,225.6,120,3.7,5,1,False.
OH,84,408,no,no,0,159.5,125,247.1,90,187.9,82,7.2,4,2,False.
KS,137,415,no,no,0,230.2,113,220.4,79,204.7,111,10.7,7,4,False.
CT,99,415,no,no,0,146.7,64,274.0,99,321.3,98,8.9,1,3,False.
NH,54,510,no,no,0,210.5,102,204.5,83,127.8,53,8.5,5,1,False.
WI,85,415,no,no,0,102.0,95,270.2,139,148.2,105,10.7,3,1,False.
MS,150,510,no,no,0,126.0,99,238.5,73,285.1,100,10.2,6,3,False.
WV,43,415,no,no,0,168.4,125,243.8,89,214.7,102,11.1,2,1,False.
MA,35,415,no,no,0,105.6,129,258.2,129,213.1,77,8.7,3,0,False.
MD,98,415,no,no,0,206.5,92,176.2,152,232.8,115,12.4,5,5,False.
PA,112,510,no,no,0,217.1,76,205.2,100,185.7,91,9.4,3,2,False.
WI,16,510,no,no,0,229.6,78,205.7,108,166.2,91,10.8,2,0,True.
TN,98,415,no,yes,22,278.3,89,93.4,143,107.6,42,9.7,5,0,False.
TX,84,408,no,no,0,138.6,102,199.0,93,204.1,137,7.8,4,0,False.
OR,94,415,no,no,0,234.4,103,279.3,109,234.2,121,2.0,2,1,True.
IL,84,510,no,no,0,181.5,129,130.7,112,186.5,118,8.5,4,1,False.
DC,66,415,no,no,0,167.3,91,230.0,68,191.7,118,10.6,5,1,True.
GA,98,415,no,yes,31,121.0,105,218.9,98,226.7,110,12.0,1,1,False.
ID,74,415,no,no,0,221.1,124,110.8,94,240.1,112,10.6,3,0,False.
UT,96,408,no,yes,26,145.8,108,192.2,89,165.1,96,9.9,2,1,False.
KY,119,510,no,no,0,222.8,122,163.2,107,160.6,112,11.2,6,1,False.
OH,73,415,no,no,0,183.4,80,242.0,115,201.4,100,7.5,3,4,False.
WI,92,415,yes,no,0,264.3,91,160.9,115,198.6,73,9.3,5,0,False.
IL,21,415,no,no,0,146.0,78,109.7,79,247.4,108,6.8,7,0,False.
DE,122,510,no,no,0,157.1,134,184.9,122,197.2,59,8.5,5,4,True.
RI,133,510,yes,no,0,127.3,108,251.3,81,135.0,88,10.3,3,1,False.
TX,145,415,no,no,0,187.9,110,197.0,117,167.0,108,4.8,4,2,False.
OR,25,408,no,no,0,178.8,90,141.2,72,203.0,99,8.4,5,2,False.
NV,64,415,no,no,0,97.2,80,186.2,90,189.0,92,10.4,6,2,False.
NE,85,415,no,no,0,259.8,85,242.3,117,168.8,72,5.4,1,0,False.
MS,126,415,no,no,0,256.5,112,199.5,90,188.3,122,7.0,5,3,False.
OR,76,415,no,no,0,169.5,77,124.0,87,219.4,92,10.0,3,0,False.
DE,113,415,no,no,0,239.7,47,282.9,110,238.4,88,8.7,3,2,True.
DE,224,510,yes,no,0,171.5,99,160.0,103,212.4,102,5.0,2,1,True.
AZ,117,408,no,no,0,239.9,84,174.8,106,209.5,93,9.8,2,0,False.
SD,128,408,no,yes,34,142.3,73,194.8,79,239.3,81,16.0,6,1,False.
NV,115,415,no,no,0,184.1,98,327.0,73,212.5,106,7.5,6,2,False.
NM,141,415,no,yes,28,206.9,126,264.4,126,171.8,124,9.3,11,2,False.
MN,51,510,no,no,0,259.9,114,176.2,94,77.2,112,15.3,1,1,False.
NJ,100,415,no,no,0,203.8,122,283.1,76,197.3,83,12.5,3,0,False.
IN,96,415,no,yes,45,248.8,124,140.3,77,263.6,102,10.3,2,3,False.
DC,112,415,no,yes,16,221.6,110,130.2,123,200.0,108,11.3,3,1,False.
MA,129,510,yes,no,0,192.9,131,185.5,101,205.2,130,10.9,4,1,False.
ME,163,415,no,no,0,122.4,129,113.4,108,180.2,97,12.5,7,1,False.
NH,67,415,no,yes,40,104.9,65,216.3,93,217.4,128,9.6,9,1,False.
AZ,140,408,no,no,0,173.2,91,196.8,106,209.3,128,11.2,5,3,False.
OR,49,510,no,no,0,119.4,69,273.3,92,214.4,153,12.4,7,2,False.
KS,46,510,no,no,0,250.3,100,260.6,90,195.0,104,13.3,2,2,True.
NE,148,415,no,no,0,178.3,98,282.6,110,181.0,98,11.4,4,1,False.
MI,112,510,no,no,0,243.4,77,182.1,97,259.2,94,12.8,2,1,False.
SC,78,415,no,no,0,155.0,106,175.3,101,155.6,125,11.8,5,2,False.
PA,61,408,no,yes,31,288.7,101,203.8,102,203.2,49,8.6,3,0,False.
MT,58,510,no,yes,29,240.4,80,118.9,91,164.2,108,11.2,3,1,False.
NM,155,415,no,no,0,190.3,123,301.3,96,214.6,134,8.0,3,1,False.
OH,100,510,no,no,0,278.0,76,176.7,74,219.5,126,8.3,4,0,True.
WY,113,510,no,no,0,155.0,93,330.6,106,189.4,123,13.5,3,1,False.
MI,81,415,no,no,0,153.5,99,197.6,102,198.5,86,6.3,2,2,False.
AR,135,510,no,yes,27,273.4,141,154.0,99,245.8,112,12.3,6,1,False.
FL,99,408,no,no,0,155.3,93,265.7,95,145.7,67,12.4,4,0,False.
AR,59,510,no,yes,29,133.1,114,221.2,82,131.6,103,6.8,3,1,False.
MO,135,510,no,no,0,246.8,129,187.8,121,154.5,109,12.6,5,1,False.
WI,85,408,yes,no,0,165.4,107,196.0,126,349.2,110,9.6,7,2,False.
TX,70,510,no,no,0,59.5,103,257.2,106,208.3,86,11.1,6,0,False.
TX,88,510,no,no,0,138.3,116,236.0,138,179.1,110,9.6,4,3,False.
NM,55,510,no,no,0,286.7,100,134.4,121,192.9,122,6.9,5,2,False.
GA,75,415,no,no,0,117.3,114,201.1,61,107.9,82,12.2,3,1,False.
ID,79,510,no,yes,21,264.3,79,202.8,118,173.4,92,6.3,3,4,False.
AL,85,408,no,no,0,127.9,107,271.2,124,202.2,76,12.5,5,0,False.
KS,86,408,no,yes,23,225.5,107,246.3,105,245.7,81,9.8,2,0,False.
SD,91,510,no,no,0,149.0,115,245.3,105,260.0,94,8.3,3,0,False.
LA,149,415,no,yes,20,198.9,77,274.0,88,190.7,76,14.3,9,1,False.
OH,97,408,no,no,0,256.4,125,273.9,100,222.7,101,11.1,1,1,True.
MA,88,415,no,no,0,264.8,124,245.4,112,160.5,115,14.8,2,1,True.
AZ,60,415,no,no,0,98.2,88,180.5,69,223.6,69,9.3,2,2,False.
KY,54,408,no,no,0,159.8,99,264.0,64,115.7,70,9.7,7,2,False.
DC,11,415,no,yes,28,190.6,86,220.1,122,180.3,80,6.0,3,3,False.
WA,109,415,no,no,0,184.0,120,120.4,119,153.7,86,11.0,3,0,False.
UT,90,415,no,no,0,261.8,128,220.6,104,136.6,91,9.6,5,1,False.
RI,115,408,no,no,0,147.9,109,228.4,117,299.7,90,9.6,9,3,False.
OH,144,415,no,yes,18,106.4,109,108.1,113,208.4,111,10.1,5,1,False.
NV,91,408,no,no,0,133.7,75,195.3,87,280.5,89,5.9,2,0,False.
ND,105,415,no,yes,23,193.5,85,220.2,90,272.4,111,8.5,5,0,False.
NV,71,415,yes,no,0,178.2,113,167.8,94,182.1,111,13.6,3,3,True.
FL,132,510,no,yes,36,226.2,103,181.6,125,258.8,102,10.5,5,3,True.
MD,112,415,no,no,0,170.4,103,200.2,71,258.3,100,11.6,4,1,False.
AZ,86,415,no,yes,32,70.9,163,166.7,121,244.9,105,11.1,5,3,False.
AL,41,510,no,yes,34,194.4,63,254.9,110,160.2,115,17.2,9,2,False.
NE,44,415,no,no,0,240.3,146,164.6,83,240.7,106,10.6,2,1,False.
NV,78,408,no,no,0,75.0,116,248.7,87,176.0,83,9.5,6,3,False.
IL,149,408,no,no,0,69.1,117,136.3,100,181.7,53,6.3,3,1,False.
WV,72,510,no,yes,33,96.6,59,315.4,98,163.3,117,6.2,4,4,True.
MI,139,415,no,yes,20,214.6,101,235.1,132,162.8,132,14.8,12,0,False.
AR,74,510,no,no,0,148.5,111,146.5,42,289.2,83,9.9,6,3,False.
UT,50,510,no,no,0,258.1,106,161.4,106,225.1,110,11.7,5,1,False.
GA,141,510,no,yes,23,149.7,112,162.5,118,220.3,115,7.6,2,3,False.
AZ,140,408,no,no,0,149.8,134,164.4,98,294.7,124,8.1,2,1,False.
ID,99,408,no,no,0,190.4,102,158.1,107,271.5,92,11.2,4,2,False.
HI,166,408,no,no,0,181.4,108,253.8,54,112.3,94,11.6,6,1,False.
NV,124,408,no,no,0,151.1,123,187.4,104,255.4,93,5.3,3,1,False.
MD,74,415,no,no,0,155.7,116,173.7,63,257.4,97,8.1,4,0,False.
GA,117,510,no,no,0,149.9,95,256.1,110,212.7,92,13.3,13,2,False.
GA,85,510,no,no,0,222.3,132,231.5,101,223.5,75,11.0,2,3,False.
UT,36,415,no,yes,16,149.4,111,131.8,113,132.7,87,6.7,2,0,False.
MA,102,510,yes,no,0,233.8,103,221.6,131,146.9,106,12.8,3,0,False.
IN,76,415,no,no,0,204.2,100,292.6,139,244.3,105,10.5,2,0,False.
VT,165,510,no,no,0,242.9,126,209.8,65,228.4,126,0.0,0,1,False.
IA,130,415,no,no,0,150.4,119,230.5,99,186.3,76,12.3,4,1,False.
IN,78,415,no,no,0,208.9,119,252.4,132,280.2,120,12.8,7,0,False.
AL,55,415,yes,no,0,191.9,91,256.1,110,203.7,101,14.3,6,1,True.
ME,92,415,yes,no,0,130.7,113,260.6,122,244.2,98,9.4,2,2,True.
RI,129,415,no,yes,33,119.6,104,278.7,88,263.4,175,5.9,2,2,False.
MD,18,408,no,no,0,273.6,93,114.6,116,250.6,120,8.2,4,1,False.
FL,161,415,yes,no,0,156.1,114,180.3,63,179.6,115,11.1,9,2,False.
CA,93,415,no,yes,36,178.7,134,178.6,102,126.8,82,8.0,4,2,False.
AL,144,415,no,no,0,177.5,93,287.4,75,180.5,118,11.9,3,2,False.
ME,75,408,yes,no,0,211.3,61,105.6,119,175.9,63,9.7,4,4,True.
WV,95,415,no,no,0,175.2,91,244.4,109,75.8,95,7.5,2,1,False.
SD,126,415,no,yes,23,114.3,102,190.3,103,240.4,111,12.6,7,3,False.
FL,124,415,no,yes,28,251.4,104,225.1,89,251.9,121,7.5,5,1,False.
MI,93,415,yes,no,0,216.9,61,207.4,120,221.7,110,17.5,5,1,True.
MI,109,415,yes,yes,26,217.2,138,145.5,111,280.7,76,9.3,3,0,False.
NM,80,510,no,no,0,206.3,97,154.9,98,263.6,82,12.4,12,0,False.
AK,41,415,no,no,0,159.3,66,125.9,75,261.9,76,11.1,5,1,False.
OH,136,415,no,yes,31,143.1,88,236.6,65,227.8,120,11.4,5,2,False.
MO,92,415,no,no,0,154.0,122,329.8,88,288.0,117,5.6,2,3,True.
KS,143,408,no,yes,24,186.6,69,222.0,116,234.9,138,11.6,5,1,False.
MS,118,415,no,yes,26,170.8,114,199.5,125,169.7,98,9.6,5,5,True.
VT,193,408,no,yes,17,124.0,102,202.9,81,205.1,129,12.3,3,1,False.
NE,73,415,no,no,0,198.3,94,279.3,101,146.2,87,14.8,8,3,False.
VA,62,408,no,no,0,172.8,101,204.8,97,240.8,90,9.1,8,2,False.
DE,30,415,no,yes,30,217.4,74,213.8,86,227.2,104,6.6,3,0,False.
AL,60,408,yes,yes,29,265.9,113,215.8,94,108.1,82,14.0,12,0,True.
ID,148,510,no,yes,14,93.6,137,193.8,72,144.9,84,17.5,5,1,False.
MS,96,510,no,no,0,98.2,100,307.2,88,182.5,120,7.6,1,2,False.
OK,52,408,no,no,0,214.7,68,158.6,138,123.4,114,9.4,4,2,False.
NM,87,415,no,no,0,168.2,92,224.7,100,169.5,99,12.9,3,1,False.
WI,41,408,no,no,0,202.9,97,153.8,104,113.5,92,9.0,3,3,False.
WV,112,415,no,no,0,261.4,108,154.5,102,130.9,90,11.6,2,1,False.
SC,88,510,no,no,0,73.3,86,161.4,82,239.6,76,8.2,3,4,True.
KY,122,408,no,yes,27,253.7,84,229.2,109,190.5,123,9.2,5,7,False.
MO,61,408,no,no,0,45.0,108,151.3,74,152.9,94,9.8,6,2,False.
IL,87,510,no,no,0,231.3,105,171.7,108,67.7,136,13.0,6,1,False.
OK,176,408,no,no,0,47.4,125,167.8,90,163.1,107,10.5,8,2,False.
MI,30,510,no,no,0,227.4,88,182.5,100,191.7,134,12.5,3,0,False.
NJ,95,415,no,yes,22,40.9,126,133.4,90,264.2,91,11.9,7,0,False.
ID,46,415,no,no,0,124.8,133,157.3,143,199.3,72,8.6,4,2,False.
DC,100,510,yes,no,0,68.5,110,337.1,115,205.2,99,12.1,9,0,False.
NY,47,415,no,yes,37,163.5,77,203.1,102,232.0,87,7.8,4,2,False.
AL,77,415,no,no,0,163.0,112,219.1,89,233.4,66,6.7,3,2,False.
OR,98,415,no,yes,38,213.7,61,253.0,104,207.7,73,10.7,5,2,False.
OK,125,415,no,yes,36,201.3,117,42.2,78,125.7,104,5.4,3,1,False.
LA,67,510,no,no,0,310.4,97,66.5,123,246.5,99,9.2,10,4,False.
NE,194,408,no,no,0,48.4,101,281.1,138,218.5,87,18.2,1,1,False.
TX,128,415,no,yes,40,171.2,88,145.7,109,196.8,93,14.0,6,1,False.
UT,190,415,no,yes,22,166.5,93,183.0,92,121.0,102,8.5,3,0,False.
OR,165,415,no,no,0,216.6,126,190.8,104,224.7,123,12.4,8,0,False.
NY,59,408,no,no,0,107.8,113,216.6,125,217.5,92,9.9,3,2,False.
AL,47,408,no,yes,28,141.3,94,168.0,108,113.5,84,7.8,2,1,False.
RI,150,415,no,yes,29,209.9,77,158.0,52,141.9,113,6.6,1,0,False.
MN,152,415,yes,yes,20,237.5,120,253.4,94,265.2,80,14.2,3,9,True.
NC,26,415,no,no,0,234.5,109,216.5,129,191.6,94,3.5,6,3,False.
MD,79,510,no,yes,31,103.1,90,243.0,135,76.4,92,12.2,8,3,False.
RI,95,510,no,yes,27,129.5,106,248.9,90,268.0,115,11.9,3,1,False.
WI,69,510,yes,no,0,279.8,90,248.7,91,171.0,118,8.4,10,2,True.
VT,95,510,yes,yes,41,136.8,91,200.8,61,133.7,67,10.3,9,5,True.
CT,31,415,no,yes,31,100.1,54,246.3,97,255.0,131,5.9,3,0,False.
OK,121,408,no,yes,31,237.1,63,205.6,117,196.7,85,10.1,5,4,False.
AK,111,415,no,no,0,172.8,58,183.1,108,158.8,104,7.9,3,4,True.
NY,157,415,no,no,0,224.5,111,200.7,99,116.6,118,11.5,2,2,False.
GA,44,510,no,no,0,288.1,112,258.0,92,192.4,90,10.2,4,3,True.
UT,61,510,yes,no,0,78.2,103,195.9,149,108.0,100,10.1,6,2,False.
NM,65,415,no,no,0,148.7,80,259.0,94,149.5,107,12.7,6,2,False.
NE,74,415,no,yes,25,194.6,84,119.9,103,175.5,75,13.1,2,2,False.
NJ,123,408,no,no,0,159.5,77,303.8,92,226.9,120,12.0,4,0,False.
TX,58,408,no,yes,20,194.5,110,213.7,89,236.6,92,9.5,2,1,False.
MT,74,408,no,no,0,174.1,96,251.1,94,257.6,123,8.3,5,2,True.
CO,125,415,no,no,0,131.8,97,136.7,100,308.2,119,7.7,6,2,False.
VT,80,415,no,no,0,160.6,103,237.0,109,245.1,88,10.7,1,1,False.
RI,53,408,no,yes,18,146.8,107,310.0,84,178.7,130,7.2,7,0,False.
WY,99,408,no,yes,28,200.7,88,264.2,116,172.7,102,9.1,5,1,False.
ID,99,415,no,no,0,145.6,106,98.3,106,230.8,83,10.9,5,1,False.
CT,66,415,no,yes,29,229.4,104,257.4,84,231.5,119,8.0,1,2,False.
ME,97,510,no,no,0,211.0,76,189.0,100,123.0,102,4.7,4,3,False.
AZ,75,510,no,yes,37,121.5,97,271.4,110,248.7,97,11.3,5,2,False.
MD,85,510,yes,no,0,216.0,73,188.2,117,147.1,98,3.6,7,2,False.
IN,108,510,no,no,0,293.0,88,160.6,101,143.9,87,10.0,6,2,False.
NC,133,408,yes,yes,32,221.1,137,264.9,99,168.9,108,15.4,4,2,True.
DE,51,510,no,no,0,181.5,108,196.9,87,187.2,119,10.3,2,1,False.
MN,186,415,no,yes,26,74.3,107,177.3,116,296.3,90,14.5,3,2,False.
WI,44,415,yes,no,0,62.3,92,275.0,82,138.7,108,10.8,3,1,False.
FL,64,408,no,yes,31,228.6,88,248.5,109,167.1,124,9.0,1,3,False.
WV,44,510,no,no,0,228.1,121,276.5,79,279.8,77,9.9,5,2,True.
SD,114,415,no,yes,36,309.9,90,200.3,89,183.5,105,14.2,2,1,False.
FL,92,415,no,no,0,201.9,74,226.8,119,217.5,80,13.7,6,3,False.
OR,110,408,no,no,0,149.8,112,180.0,93,140.0,119,11.7,4,2,False.
CO,90,408,no,yes,30,183.8,76,229.7,95,144.1,124,7.7,3,1,False.
CT,72,408,no,yes,21,186.7,108,335.0,86,187.2,119,16.5,4,1,False.
IN,113,415,no,no,0,209.4,151,347.3,113,246.0,116,7.4,2,1,True.
PA,171,415,no,yes,25,223.2,77,183.2,118,150.8,90,10.2,3,3,False.
NM,104,415,no,no,0,164.2,109,155.4,90,168.9,117,10.7,8,1,False.
ME,165,408,no,no,0,150.5,75,193.1,93,311.6,93,10.3,2,1,False.
SD,104,510,no,no,0,234.2,128,293.1,92,183.9,79,9.8,6,0,True.
AR,110,408,no,no,0,55.3,102,164.7,124,200.7,108,10.2,5,1,False.
TX,90,408,yes,no,0,221.8,97,203.8,134,215.8,154,8.4,4,1,False.
NH,114,415,no,no,0,169.6,85,58.9,86,179.3,124,7.4,8,1,False.
OK,101,408,no,no,0,89.7,118,260.1,79,170.1,93,13.5,11,5,True.
WI,117,408,no,yes,14,80.2,81,219.0,103,122.6,102,8.6,2,1,False.
AL,109,408,no,no,0,218.9,105,299.9,87,158.6,110,11.3,4,2,False.
PA,82,408,no,no,0,125.7,96,207.6,137,183.1,103,12.9,2,1,False.
OK,92,510,no,no,0,176.3,85,93.4,125,207.2,107,9.6,1,2,False.
ME,82,510,no,yes,29,207.2,111,254.1,137,169.3,92,9.5,5,2,False.
WV,90,415,no,no,0,205.7,138,161.9,83,269.7,104,12.5,6,2,False.
HI,87,408,no,yes,28,151.4,95,152.4,97,250.1,109,0.0,0,1,False.
MN,124,510,no,no,0,157.5,70,130.7,79,193.4,98,9.6,4,3,False.
NY,39,408,no,no,0,160.4,68,102.6,103,235.3,106,9.1,5,2,False.
AZ,84,415,no,no,0,159.0,80,167.9,128,167.6,101,12.3,5,1,False.
OH,75,510,no,yes,46,214.1,62,200.9,111,246.8,126,9.2,6,0,False.
MI,102,510,no,no,0,102.6,89,246.0,77,170.5,140,9.1,4,2,False.
MA,62,415,yes,no,0,159.7,86,197.5,76,121.6,105,13.9,6,0,True.
WV,143,510,no,no,0,202.8,109,165.8,104,143.9,71,4.6,4,1,False.
MI,53,415,no,no,0,57.5,95,265.5,131,244.3,128,11.6,6,3,False.
NM,30,415,no,no,0,169.9,144,225.2,118,169.7,93,11.4,7,1,False.
MO,112,415,no,no,0,335.5,77,212.5,109,265.0,132,12.7,8,2,True.
RI,129,415,no,no,0,139.5,119,289.3,105,129.4,97,13.1,8,0,False.
NC,63,415,no,yes,29,142.3,107,118.7,56,240.1,91,6.6,8,1,False.
WY,28,415,no,no,0,187.8,94,248.6,86,208.8,124,10.6,5,0,False.
WY,111,415,no,no,0,146.2,55,261.5,83,163.2,116,8.7,3,3,False.
PA,91,510,no,no,0,231.8,120,150.6,106,269.2,129,11.6,7,3,False.
KY,90,415,no,no,0,193.7,83,154.2,79,299.0,60,12.7,3,1,False.
OR,151,510,no,no,0,156.4,108,233.4,118,195.7,141,7.7,6,4,False.
NV,105,415,yes,yes,29,220.7,82,217.7,110,190.5,100,13.2,6,1,True.
DC,41,408,no,yes,37,239.8,110,221.9,115,189.1,100,7.3,1,2,False.
UT,48,510,no,yes,43,172.0,111,200.2,64,233.1,96,8.0,5,1,False.
WA,166,408,yes,yes,35,128.2,138,274.5,113,298.9,130,8.8,7,2,False.
FL,79,510,no,no,0,130.2,119,290.9,121,194.8,140,14.0,6,3,False.
VA,153,510,no,no,0,195.4,107,154.6,96,142.8,97,11.6,6,1,False.
KS,110,415,yes,no,0,293.3,79,188.5,90,266.9,91,14.5,4,0,True.
KS,163,415,no,no,0,191.3,89,193.9,87,268.4,121,12.8,4,1,False.
DC,126,510,no,no,0,122.4,88,143.8,111,157.0,106,11.5,3,1,False.
ME,105,408,no,yes,33,209.6,68,146.9,140,121.0,131,10.6,3,2,False.
LA,172,415,no,no,0,215.7,140,146.3,84,264.6,83,7.1,1,3,False.
DC,126,415,no,no,0,161.4,110,220.6,125,249.2,78,5.1,2,0,False.
TX,97,510,no,no,0,144.2,91,226.7,137,144.6,72,13.8,4,3,False.
NJ,95,408,yes,yes,37,220.2,109,185.3,99,205.1,82,4.1,2,0,True.
DE,87,510,no,no,0,256.2,105,160.7,102,249.4,80,7.4,2,4,False.
VT,97,415,no,no,0,112.7,119,217.7,109,152.1,76,6.5,5,1,False.
GA,76,415,no,no,0,299.5,125,226.7,92,210.7,134,13.7,4,0,True.
TX,140,408,no,no,0,194.8,107,170.9,99,225.1,93,13.9,4,0,False.
MT,169,415,no,no,0,100.8,112,230.0,69,193.6,95,9.5,2,0,False.
ND,68,408,no,yes,22,82.5,97,289.9,94,180.0,114,4.8,4,3,False.
NJ,122,415,no,yes,34,146.4,104,89.7,103,220.0,91,15.6,4,2,False.
MO,36,408,no,no,0,177.9,129,224.6,87,306.3,102,10.8,6,2,False.
CO,120,510,no,yes,27,153.5,84,194.0,73,256.5,94,10.2,7,5,False.
KS,121,408,no,no,0,150.7,105,197.3,133,169.0,116,9.2,15,1,False.
NC,64,408,no,yes,19,180.1,106,127.5,92,237.4,118,7.5,3,0,False.
MT,13,415,no,yes,31,265.3,94,147.6,95,259.3,117,12.9,1,1,False.
DE,106,415,no,no,0,128.6,83,134.0,114,210.6,113,11.4,2,0,False.
ND,88,415,no,no,0,161.5,92,173.5,108,206.2,95,7.9,4,2,False.
VA,74,408,no,no,0,165.3,120,198.5,106,208.5,102,9.8,3,1,False.
IL,83,415,no,no,0,195.0,92,210.5,83,180.6,92,11.0,13,0,False.
OK,49,415,no,no,0,213.8,79,265.1,93,239.8,128,15.6,7,0,False.
CO,111,510,no,yes,24,205.5,114,219.3,99,215.9,95,14.0,4,1,False.
MT,50,415,no,yes,22,252.9,112,177.9,99,158.4,146,8.5,4,3,False.
WV,153,408,no,yes,28,235.6,74,227.9,37,170.3,103,15.4,9,0,False.
ME,88,415,no,no,0,192.0,91,127.6,127,155.6,125,7.5,5,1,False.
WI,131,415,no,yes,39,69.1,122,101.3,136,104.8,94,9.1,4,0,False.
MO,79,408,no,no,0,261.7,97,210.6,48,256.7,83,6.0,3,3,True.
NY,140,415,no,no,0,235.5,81,257.2,130,103.1,111,11.5,4,2,False.
CT,105,408,no,no,0,213.4,100,204.9,52,179.7,93,9.5,6,1,False.
AR,54,415,no,yes,39,206.9,143,127.8,72,199.2,120,9.2,1,3,False.
WY,87,415,no,yes,22,263.8,65,103.4,115,208.1,109,8.5,3,3,False.
CA,96,510,no,yes,31,183.4,126,195.5,106,180.1,93,10.5,5,1,False.
CA,79,510,no,no,0,157.6,85,194.1,92,231.5,86,9.4,10,5,True.
MN,55,415,no,no,0,175.6,147,161.8,118,289.5,55,9.3,4,0,False.
AK,130,415,no,no,0,242.5,101,102.8,114,142.4,89,9.3,2,2,False.
VA,34,415,no,no,0,151.0,102,131.4,101,186.6,86,9.9,7,0,False.
CO,139,415,no,no,0,138.1,103,164.5,100,134.9,63,8.3,2,1,False.
MT,109,408,no,no,0,264.7,69,305.0,120,197.4,86,9.5,9,1,True.
SD,65,408,no,yes,31,282.3,70,152.0,89,225.5,93,12.0,4,1,False.
NE,63,415,no,no,0,211.2,80,237.7,93,259.2,58,12.3,2,0,False.
VT,152,415,no,no,0,197.1,126,130.1,76,78.1,100,7.4,4,3,False.
ND,147,408,no,no,0,205.3,95,166.7,128,240.6,84,7.8,4,1,False.
GA,112,415,no,yes,22,181.8,110,228.1,123,262.7,141,9.2,4,2,False.
OR,120,415,no,no,0,252.0,120,150.2,106,151.8,96,9.6,1,2,False.
MT,27,510,no,no,0,193.8,102,118.9,104,135.9,124,9.2,3,0,False.
WY,171,415,no,no,0,231.2,135,188.7,74,206.9,124,12.3,1,1,False.
GA,101,415,no,yes,33,200.1,108,188.9,122,205.1,90,15.5,4,0,False.
WV,32,408,no,yes,26,266.7,109,232.3,107,212.8,98,16.3,4,1,False.
CT,3,415,no,yes,36,118.1,117,221.5,125,103.9,89,11.9,6,2,False.
IL,151,408,no,no,0,175.3,106,144.3,87,160.2,88,11.8,5,0,False.
CO,60,408,no,no,0,125.1,99,248.8,62,211.3,79,11.2,3,3,False.
DE,119,415,no,no,0,176.8,90,224.7,81,204.6,77,7.5,15,1,False.
LA,43,415,no,no,0,241.9,101,129.4,121,264.8,104,5.9,3,1,False.
MA,42,408,no,no,0,241.2,134,116.5,114,152.2,91,10.6,4,0,False.
IN,84,408,no,no,0,217.1,99,236.0,68,118.3,120,9.4,4,1,False.
NY,65,510,no,no,0,195.4,110,181.2,109,178.5,105,8.9,4,0,False.
TX,75,415,yes,no,0,222.4,78,327.0,111,208.0,104,8.7,9,1,True.
KS,116,510,no,no,0,189.5,90,189.8,118,205.8,83,13.1,2,1,False.
WV,107,415,no,no,0,123.1,100,158.4,82,256.1,82,9.3,5,0,False.
NE,189,415,no,yes,38,256.7,98,150.5,120,123.0,87,11.4,3,3,False.
ND,123,408,no,no,0,159.1,94,241.6,119,202.4,120,6.5,1,1,False.
AK,110,408,no,no,0,100.1,90,233.3,93,204.4,57,11.1,8,3,False.
CO,63,415,no,yes,32,30.9,113,187.0,113,230.8,101,8.6,7,1,False.
ME,176,415,no,no,0,223.2,76,214.4,131,154.4,80,10.1,2,3,False.
SC,108,510,no,no,0,187.4,101,199.9,126,216.1,107,12.6,8,1,False.
MN,13,510,no,yes,21,315.6,105,208.9,71,260.1,123,12.1,3,3,False.
CO,71,415,no,no,0,277.5,104,131.8,121,126.9,101,8.2,2,1,False.
KS,88,415,no,no,0,189.8,111,197.3,101,234.5,111,14.9,3,2,False.
MS,137,510,no,no,0,147.2,119,192.8,91,172.7,105,10.2,4,1,False.
NE,82,408,no,no,0,185.8,36,276.5,134,192.1,104,5.7,7,4,False.
NJ,92,510,no,yes,29,155.4,110,188.5,104,254.9,118,8.0,4,3,False.
WI,165,510,no,no,0,154.2,91,268.6,108,188.8,99,10.9,4,6,False.
MT,96,415,no,no,0,97.6,98,105.5,118,220.2,105,11.6,9,1,False.
AR,156,415,no,no,0,178.8,94,178.4,97,169.2,77,7.5,3,1,False.
WA,63,408,no,no,0,149.3,104,273.6,75,206.6,72,9.1,4,0,False.
NH,37,415,no,no,0,206.0,89,186.0,88,307.1,86,8.4,11,0,False.
IA,98,415,no,no,0,216.8,86,190.8,114,187.5,79,11.0,9,0,False.
WV,121,415,no,no,0,103.3,110,129.1,82,167.1,113,10.7,3,0,False.
RI,94,415,no,no,0,139.4,95,159.1,92,128.2,129,7.7,3,0,False.
KS,99,415,no,no,0,191.2,110,163.9,102,243.6,114,14.1,3,1,False.
MT,163,510,no,yes,23,160.0,104,189.4,64,229.9,118,10.4,7,1,False.
MO,161,510,no,no,0,221.7,95,193.0,82,194.1,113,6.5,4,3,False.
HI,99,415,no,no,0,62.9,81,231.0,64,168.9,121,8.5,5,1,False.
CO,108,415,no,no,0,215.6,78,195.3,119,194.4,65,3.6,5,1,False.
CT,84,510,no,yes,42,165.3,97,223.5,118,260.8,72,7.6,7,3,False.
ID,83,415,yes,yes,32,94.7,111,154.4,98,200.4,109,10.6,6,2,False.
DC,139,510,no,no,0,203.2,81,152.5,99,197.8,76,9.7,3,2,False.
TN,69,510,no,no,0,195.3,70,216.7,108,259.9,119,12.5,4,3,False.
WY,129,510,no,no,0,143.7,114,297.8,98,212.6,86,11.4,8,4,False.
MO,106,415,no,no,0,114.4,104,78.3,101,232.7,78,0.0,0,2,False.
VA,158,415,no,no,0,222.8,101,203.0,128,210.6,106,6.9,2,2,False.
SD,168,415,no,yes,22,175.9,70,211.7,105,174.5,81,7.3,5,2,False.
WV,115,510,yes,no,0,249.9,95,242.5,104,151.7,121,15.3,6,1,True.
GA,57,408,yes,yes,30,234.5,130,195.2,116,268.8,94,11.4,4,2,False.
AZ,67,415,no,no,0,210.7,116,219.2,86,179.7,83,7.2,6,1,False.
AK,127,408,no,no,0,182.3,124,169.9,110,184.0,116,9.3,3,1,False.
AK,78,510,no,no,0,190.3,88,194.5,89,256.5,109,11.7,5,2,False.
CT,100,415,no,yes,38,177.1,88,163.7,108,242.7,72,7.4,2,0,False.
UT,103,510,no,yes,36,87.2,92,169.3,110,166.7,80,10.9,5,6,True.
KY,113,415,no,no,0,215.6,96,193.4,127,105.4,115,13.5,3,1,False.
MI,78,510,no,no,0,137.4,109,237.6,49,206.7,136,14.0,11,3,False.
OR,129,510,no,yes,36,192.8,103,177.0,83,216.5,118,16.4,5,1,False.
TN,57,510,no,no,0,149.3,100,200.2,110,231.7,101,11.9,3,2,False.
WV,82,408,no,no,0,143.7,116,170.7,99,287.7,95,7.8,5,1,False.
NJ,64,415,no,no,0,224.8,111,190.0,101,221.4,110,9.2,2,1,False.
MS,86,510,no,yes,39,261.2,122,214.2,101,154.9,101,12.7,5,2,False.
ME,151,415,no,yes,26,196.5,98,175.8,111,221.8,124,13.4,5,0,False.
WY,94,510,no,no,0,271.2,105,202.6,105,221.6,51,11.5,3,3,True.
WY,90,415,no,no,0,207.2,121,292.5,104,226.3,103,8.0,1,2,False.
IN,48,510,no,no,0,300.4,94,133.2,103,197.4,94,7.2,5,2,False.
NM,85,408,no,yes,37,229.6,123,132.3,90,211.9,76,9.5,8,2,False.
NJ,93,415,yes,yes,20,187.5,110,169.8,94,175.3,127,12.1,4,1,False.
DC,169,415,yes,no,0,57.1,98,199.7,78,274.7,103,6.5,6,3,False.
UT,68,415,no,no,0,162.1,86,155.0,86,189.7,87,11.0,9,5,True.
KY,91,415,yes,no,0,145.0,89,175.8,102,223.7,151,16.7,3,2,True.
KS,68,510,no,no,0,159.5,123,240.8,93,210.3,76,11.4,3,1,False.
MI,101,510,no,no,0,190.7,72,208.6,103,203.8,111,8.8,8,1,False.
UT,67,510,no,yes,20,230.6,40,189.1,58,162.2,115,9.4,2,1,False.
NE,66,415,no,no,0,34.0,133,278.6,61,129.6,120,11.5,3,0,False.
FL,116,415,no,yes,17,193.4,112,240.6,131,248.1,98,11.4,3,5,False.
LA,158,408,no,no,0,202.0,126,163.5,86,195.4,84,10.4,6,1,False.
MT,78,415,no,no,0,191.7,122,241.4,88,203.5,86,9.1,5,1,False.
WA,119,415,no,yes,26,161.3,97,250.3,110,142.4,92,6.6,8,1,False.
MI,120,415,no,no,0,150.6,85,119.0,128,232.9,123,6.4,2,1,False.
KY,155,510,no,no,0,184.6,102,196.0,117,226.5,122,7.8,1,1,False.
LA,106,408,no,no,0,220.7,120,270.2,95,121.6,113,8.7,5,1,False.
NM,87,510,yes,no,0,167.3,119,198.5,119,133.1,88,11.0,6,1,False.
AL,146,415,no,yes,32,154.0,80,185.5,91,148.2,107,8.2,4,3,False.
MO,101,415,no,yes,29,121.1,116,186.4,100,241.7,75,10.1,6,0,False.
CO,22,510,no,yes,23,182.1,94,164.6,59,128.8,102,12.7,4,3,False.
TX,90,415,no,no,0,109.6,88,137.6,108,159.7,121,11.0,5,2,False.
NY,41,415,no,no,0,209.9,105,121.9,105,253.7,104,9.6,4,1,False.
OR,69,415,no,no,0,167.5,76,242.1,92,101.2,103,11.4,4,2,False.
WY,33,415,no,no,0,213.9,88,239.8,119,148.7,71,9.8,14,2,False.
UT,112,415,no,no,0,115.8,108,243.3,111,184.6,78,13.1,5,1,False.
LA,108,510,no,yes,30,276.6,99,220.1,113,177.9,95,9.8,6,2,False.
NV,136,415,no,yes,21,179.4,88,181.1,97,320.7,120,9.5,4,2,False.
NC,128,510,no,no,0,187.3,84,270.8,95,206.4,68,10.1,5,1,False.
NC,27,408,no,no,0,201.2,128,227.2,100,145.8,91,8.4,3,2,False.
WY,161,415,yes,no,0,189.6,78,267.4,117,184.5,137,1.3,6,1,False.
TN,33,415,no,yes,35,186.8,124,261.0,69,317.8,103,15.0,5,0,False.
FL,120,415,no,yes,31,153.5,83,219.1,96,237.4,76,11.4,4,0,False.
CA,113,415,no,no,0,187.6,97,208.2,118,158.9,101,8.7,6,2,False.
PA,122,415,yes,no,0,230.9,132,243.2,99,182.4,57,11.0,2,0,True.
WV,148,415,no,yes,26,244.9,150,118.0,138,236.0,91,15.2,4,2,False.
NJ,74,415,no,no,0,230.9,93,223.0,78,157.8,101,9.7,2,3,False.
MT,106,415,no,no,0,187.1,104,250.2,117,144.9,81,11.0,3,1,False.
MN,179,415,no,no,0,170.7,54,191.1,108,214.6,107,13.3,4,1,False.
WI,149,415,yes,yes,28,126.9,97,166.9,102,145.2,77,8.8,3,5,True.
ID,77,510,no,no,0,189.5,112,207.0,95,214.1,91,9.2,7,0,False.
MA,127,408,yes,no,0,176.9,110,167.9,100,182.2,138,7.7,2,1,True.
OR,80,415,no,no,0,161.1,99,198.8,81,228.4,116,10.6,4,1,False.
MT,106,510,no,no,0,169.4,107,197.2,71,202.2,79,10.7,4,1,False.
AL,61,415,no,yes,20,254.4,133,161.7,96,251.4,91,10.5,4,0,False.
ND,135,510,yes,yes,24,127.7,54,215.0,105,234.3,84,5.8,4,2,False.
LA,115,415,no,yes,26,170.5,107,217.2,77,225.7,71,13.6,5,6,False.
ND,167,408,yes,no,0,219.1,100,242.9,90,168.9,101,10.1,4,2,False.
MS,107,510,yes,no,0,273.5,104,183.8,68,153.8,67,11.0,9,2,False.
WV,112,415,yes,no,0,161.9,138,200.9,114,134.0,134,10.7,4,1,False.
WI,35,510,no,yes,27,241.7,87,142.0,101,288.9,68,9.4,4,1,False.
KS,103,408,yes,no,0,62.8,124,170.4,66,280.2,78,9.4,4,3,False.
MO,107,415,no,yes,22,281.1,83,143.7,130,239.4,128,11.2,9,1,False.
PA,69,415,no,no,0,228.2,70,263.7,80,142.6,60,10.7,5,3,False.
SD,85,408,no,no,0,209.8,82,194.5,94,200.4,85,11.3,3,0,False.
NJ,24,408,no,no,0,265.6,86,208.8,102,182.5,105,11.1,6,2,True.
AL,90,415,no,no,0,214.9,97,117.8,117,133.7,78,11.8,2,2,False.
ME,137,510,no,no,0,110.5,79,223.2,111,169.5,64,10.5,3,3,False.
AZ,92,415,yes,yes,45,281.1,88,198.0,103,94.3,76,7.5,3,0,False.
VT,38,415,no,no,0,137.8,86,286.3,76,167.0,77,14.1,3,2,False.
NV,69,510,yes,yes,33,271.5,98,253.4,102,165.4,85,8.2,2,1,True.
WI,45,408,no,no,0,112.8,108,218.8,120,240.2,106,9.0,3,2,False.
HI,73,408,no,no,0,187.3,118,239.7,90,167.5,108,15.1,2,1,False.
DE,92,415,no,no,0,197.0,84,269.3,105,158.9,105,10.8,4,1,False.
AZ,113,415,no,yes,32,180.4,89,129.4,124,166.9,124,8.4,2,1,False.
VA,68,408,yes,no,0,148.5,126,219.4,125,198.5,121,14.5,7,1,True.
GA,135,415,no,yes,22,197.1,113,259.4,95,134.7,135,14.6,5,2,False.
AZ,100,415,no,yes,26,153.7,115,137.8,146,213.5,104,15.9,5,1,False.
MN,96,415,no,yes,27,261.3,96,220.9,101,179.4,97,11.3,2,1,False.
ME,108,510,no,no,0,246.2,102,202.4,134,180.1,95,9.4,5,1,False.
FL,84,510,no,no,0,191.0,88,318.8,119,247.3,79,6.5,4,0,False.
WA,134,408,no,no,0,208.3,86,253.6,89,291.0,86,12.6,3,1,False.
MT,72,415,no,no,0,253.0,73,219.3,78,210.8,89,9.8,4,0,False.
AL,83,408,no,no,0,202.3,87,201.5,111,101.7,82,6.8,4,0,False.
WV,137,408,no,no,0,174.4,120,156.3,98,136.5,121,10.2,5,0,False.
GA,56,415,no,yes,30,127.1,89,172.1,116,194.6,111,12.1,3,1,False.
OH,61,510,yes,yes,16,143.5,76,242.6,58,147.7,95,11.3,3,0,False.
DE,171,510,no,yes,17,186.9,94,240.0,138,200.9,64,5.8,3,1,False.
NE,123,510,no,no,0,194.0,118,242.0,114,146.3,108,12.1,4,1,False.
FL,58,510,no,no,0,234.8,89,106.8,131,178.5,122,9.9,6,0,False.
AK,156,510,no,no,0,123.7,96,103.0,80,189.4,82,13.1,4,1,False.
WI,166,510,no,no,0,173.9,103,276.4,83,190.8,113,15.3,5,0,False.
WA,75,510,no,yes,41,130.9,115,203.4,110,171.7,68,12.4,4,1,False.
KY,75,415,no,no,0,314.6,102,169.8,86,285.1,100,5.7,3,2,True.
OH,83,510,no,no,0,227.9,78,207.5,115,211.7,100,12.1,5,1,False.
UT,243,510,no,no,0,95.5,92,163.7,63,264.2,118,6.6,6,2,False.
NM,153,408,no,no,0,185.3,127,208.0,73,206.1,124,15.1,3,1,False.
MN,150,415,no,no,0,146.3,133,202.7,95,234.7,103,13.1,3,1,False.
WV,92,510,no,yes,16,184.0,99,76.4,134,185.1,96,12.7,3,2,False.
MN,80,415,no,no,0,105.8,110,43.9,88,189.6,87,13.1,5,0,False.
AL,134,415,no,no,0,178.0,110,153.8,64,236.6,105,11.7,4,1,False.
PA,77,510,no,yes,24,149.4,74,123.9,72,174.3,84,10.1,6,1,False.
DE,147,510,no,no,0,209.4,104,132.5,78,149.4,123,11.3,3,2,False.
MO,74,415,no,no,0,172.1,105,211.7,99,182.2,105,11.6,6,1,False.
IL,138,510,yes,no,0,169.3,82,217.9,147,184.2,77,9.4,9,1,False.
FL,143,415,no,no,0,119.1,117,287.7,136,223.0,100,12.2,4,0,False.
HI,64,415,no,no,0,194.2,147,173.4,87,268.7,114,5.5,2,2,False.
ME,120,510,no,no,0,198.8,56,230.1,73,119.8,81,9.9,3,2,False.
CO,121,408,yes,no,0,167.7,94,93.7,121,241.3,115,13.4,1,3,True.
NH,88,415,no,no,0,202.2,86,216.8,93,239.4,99,11.8,2,2,False.
SC,87,408,no,no,0,322.5,106,204.6,93,186.2,128,9.4,4,2,True.
IN,100,510,no,no,0,216.2,107,215.6,84,138.4,127,10.2,3,0,False.
FL,104,415,no,no,0,76.4,116,115.6,74,226.3,94,9.4,3,3,False.
GA,27,510,no,no,0,72.7,75,208.6,117,65.8,71,9.9,3,1,False.
IL,81,415,no,yes,31,210.4,100,225.5,97,168.7,120,9.7,4,0,False.
NC,64,510,yes,yes,33,127.2,93,162.9,104,247.4,109,8.1,13,0,False.
VT,107,510,no,yes,28,201.8,79,304.9,128,225.6,133,11.9,8,1,False.
DC,88,415,no,yes,17,219.5,78,222.1,94,188.3,92,16.1,5,1,False.
VT,111,408,no,no,0,99.3,112,270.5,136,225.3,94,9.0,6,3,False.
NV,77,415,no,no,0,239.2,114,150.0,115,160.8,81,10.3,2,5,False.
OR,67,415,yes,no,0,120.9,58,235.0,88,95.1,130,11.4,11,2,False.
AL,102,408,no,no,0,224.7,81,129.4,112,167.6,109,15.8,6,1,False.
ND,146,408,no,yes,19,176.6,88,162.7,66,215.5,98,14.6,6,1,False.
FL,144,415,no,yes,51,283.9,98,192.0,109,196.3,85,10.0,4,1,False.
NE,96,415,no,no,0,180.6,92,190.9,114,295.6,125,10.3,4,1,True.
ND,70,415,no,yes,31,125.9,101,196.4,102,252.7,75,10.3,4,1,False.
ME,149,408,no,no,0,237.6,79,192.4,107,207.4,111,9.1,9,0,False.
IL,129,415,no,no,0,198.4,91,264.7,106,111.4,101,9.2,2,2,False.
WA,166,408,no,no,0,274.3,110,52.9,109,246.1,119,10.9,5,0,False.
MA,136,408,yes,no,0,199.6,89,211.4,96,72.4,84,11.0,4,3,True.
KS,149,510,no,no,0,217.7,91,273.5,74,226.9,99,9.6,3,3,False.
RI,70,415,no,no,0,134.7,96,235.9,90,260.2,113,7.6,6,3,False.
MO,120,415,no,yes,24,212.7,73,257.5,103,227.8,119,9.7,13,2,False.
IA,66,510,no,no,0,256.3,135,180.2,106,187.3,135,6.2,7,2,False.
WY,104,408,no,no,0,183.6,133,120.7,98,215.1,112,12.7,2,1,False.
NV,160,415,no,no,0,176.2,90,196.0,115,263.9,95,9.2,4,1,False.
WI,129,415,no,yes,37,205.0,94,165.4,103,185.0,81,11.7,8,1,False.
AL,93,408,no,no,0,267.9,114,223.0,74,262.7,90,11.3,3,3,True.
HI,169,415,no,no,0,179.2,111,175.2,130,228.6,92,9.9,6,2,False.
MO,58,415,no,no,0,149.4,145,196.5,105,209.5,108,14.9,3,1,False.
CA,75,510,no,yes,38,163.6,132,146.7,113,345.8,115,13.1,3,3,False.
MO,45,408,no,no,0,207.6,71,152.7,94,217.8,125,12.4,13,1,False.
CT,155,510,no,no,0,165.4,108,183.7,103,80.2,108,8.9,4,3,False.
MD,52,415,no,no,0,209.8,114,171.3,82,154.6,119,9.9,9,4,False.
OH,119,415,no,yes,27,220.1,128,268.2,133,146.5,80,11.1,3,0,False.
NV,86,510,no,no,0,141.3,72,154.3,95,210.6,91,8.2,5,1,False.
MD,42,408,no,no,0,196.5,89,241.3,123,143.2,105,4.0,7,0,False.
NE,127,510,yes,no,0,180.9,114,209.5,118,249.9,105,7.4,4,2,False.
OH,123,408,no,no,0,105.0,150,251.6,90,258.0,93,14.9,5,0,False.
MA,98,510,no,no,0,271.4,119,190.4,102,284.7,118,11.1,6,4,True.
OK,149,510,no,yes,43,206.7,79,174.6,122,241.5,80,10.9,3,1,False.
MA,160,408,no,no,0,166.8,109,236.0,117,307.6,77,9.3,1,1,False.
WA,103,415,no,no,0,204.9,107,135.2,102,208.2,106,10.4,3,5,False.
HI,132,415,no,yes,15,154.6,128,245.6,106,148.6,90,9.1,4,1,False.
CO,137,415,no,no,0,127.0,107,323.2,75,143.9,127,7.5,2,1,False.
FL,129,415,yes,no,0,267.4,78,204.2,85,111.7,146,5.9,4,1,False.
WI,62,415,no,no,0,281.0,66,160.6,108,77.9,74,0.0,0,1,False.
ID,122,510,no,yes,33,270.8,96,220.4,110,169.9,104,11.8,8,4,False.
WY,32,408,no,no,0,171.2,82,185.6,102,203.3,64,10.2,7,1,False.
GA,86,510,no,no,0,124.1,82,202.6,120,289.6,119,6.7,8,3,False.
FL,130,415,no,no,0,162.8,113,290.3,111,114.9,140,7.2,3,1,False.
WY,42,408,no,no,0,146.3,84,255.9,113,45.0,117,8.0,12,1,False.
DE,73,415,no,no,0,254.8,85,143.4,80,153.9,102,15.0,7,2,False.
ME,66,408,no,yes,26,254.9,108,243.2,135,190.8,95,5.4,3,2,False.
DC,103,510,no,yes,31,107.7,124,188.9,104,196.2,98,8.9,3,0,False.
IA,128,408,no,no,0,158.8,75,264.8,91,270.0,77,7.6,7,1,False.
CO,104,415,no,no,0,182.9,113,239.6,85,229.8,104,5.5,4,2,False.
MN,103,415,no,no,0,198.5,112,42.5,90,179.2,124,12.4,5,0,False.
VT,124,415,no,no,0,178.4,72,233.6,134,179.4,91,12.0,2,0,False.
AZ,87,510,no,no,0,110.9,91,158.5,115,207.5,131,6.2,5,1,False.
LA,109,415,no,yes,27,166.9,85,221.2,92,197.3,97,12.3,4,1,True.
MO,167,415,yes,no,0,244.8,91,60.8,105,176.7,110,10.7,3,2,False.
ME,97,510,no,no,0,120.8,96,169.8,101,194.1,63,11.9,3,4,True.
MD,106,415,no,no,0,165.3,118,210.0,101,187.2,93,8.5,3,2,False.
VT,125,415,no,no,0,126.7,113,155.5,131,206.2,112,14.4,7,2,False.
DC,108,408,no,yes,35,215.9,106,200.6,107,195.4,107,15.5,7,0,False.
WY,125,415,no,no,0,140.1,132,209.6,126,264.1,77,8.0,2,1,False.
VA,89,415,no,yes,32,209.9,113,249.8,104,224.2,92,8.7,7,1,False.
VA,72,510,yes,yes,29,139.8,114,138.2,91,221.0,88,5.5,6,0,False.
CT,23,510,no,no,0,321.6,107,251.6,115,141.1,158,11.3,3,2,True.
HI,149,510,no,no,0,166.6,61,218.8,107,208.3,131,8.2,6,7,False.
WI,73,415,no,no,0,214.2,90,196.8,78,157.9,112,5.9,8,0,False.
MD,61,415,no,no,0,260.0,123,210.5,127,234.7,70,9.0,3,1,True.
WV,161,415,no,no,0,191.9,113,70.9,87,204.8,107,13.4,4,4,True.
VT,73,408,no,no,0,213.0,95,188.8,104,136.2,89,13.5,3,0,False.
UT,118,415,no,yes,24,118.1,83,109.6,72,245.5,73,16.9,2,1,False.
CO,23,408,no,no,0,190.2,89,166.4,108,219.8,73,15.0,4,6,False.
NC,127,415,no,yes,25,82.2,95,163.3,109,264.9,104,5.1,6,0,False.
NJ,42,415,no,yes,32,163.8,80,177.8,123,190.4,106,8.1,5,0,False.
AR,118,415,no,no,0,267.8,145,316.4,121,208.6,91,14.4,11,5,True.
IA,45,510,no,no,0,159.8,91,120.4,86,163.0,93,10.6,3,2,False.
GA,50,408,no,yes,24,214.3,129,289.8,55,312.5,130,10.6,4,1,False.
MO,179,510,no,no,0,287.3,123,288.0,114,266.0,112,10.5,4,0,True.
MO,152,408,no,no,0,101.2,122,141.6,87,198.5,124,7.5,3,2,False.
WY,105,415,no,no,0,102.8,74,281.7,125,228.1,113,13.2,5,2,False.
HI,72,415,no,no,0,109.1,97,115.7,96,295.8,84,8.3,6,0,False.
PA,52,408,no,no,0,215.9,67,217.0,108,342.8,130,5.2,2,1,False.
TX,125,415,no,no,0,203.4,110,128.7,97,190.5,113,11.0,4,1,False.
VA,143,510,no,no,0,110.1,113,169.0,59,166.7,94,9.2,2,1,False.
RI,65,415,no,no,0,111.0,51,219.8,84,202.0,89,4.4,14,1,False.
WI,80,415,no,no,0,239.9,121,142.3,51,364.3,106,9.3,5,1,False.
MS,1,415,no,no,0,144.8,107,112.5,66,218.7,79,13.8,3,1,False.
KY,60,408,no,no,0,135.4,134,205.9,85,204.0,103,7.9,4,1,False.
NC,43,415,no,no,0,84.2,134,80.8,103,196.1,79,10.8,2,1,False.
NV,143,415,no,no,0,209.1,127,106.1,80,179.6,90,14.0,6,0,False.
UT,81,415,no,yes,24,130.1,117,196.0,61,139.3,123,11.4,5,0,False.
ME,205,510,no,yes,24,175.8,139,155.0,98,180.7,64,7.8,5,2,False.
HI,24,415,no,no,0,241.9,104,145.2,112,214.5,105,6.6,5,1,False.
OH,74,415,no,no,0,136.7,106,228.6,105,265.3,114,9.8,4,0,False.
WV,77,510,no,no,0,67.7,68,195.7,86,236.5,137,12.0,2,1,False.
OK,74,415,no,no,0,200.4,87,309.2,105,152.1,118,10.0,2,1,False.
KY,74,510,yes,no,0,125.8,103,207.7,96,207.4,143,14.1,4,1,True.
AL,200,408,no,no,0,128.2,87,133.2,105,177.6,123,11.2,2,1,False.
MD,86,408,no,no,0,226.3,88,223.0,107,255.6,92,13.0,3,4,False.
NE,91,510,no,yes,37,162.3,107,233.9,115,277.4,94,9.2,4,0,False.
DC,76,415,no,no,0,224.4,121,147.9,97,183.8,74,6.7,2,2,False.
TX,130,415,no,no,0,120.5,127,189.7,52,270.1,107,14.3,2,1,False.
OH,56,408,no,no,0,91.1,90,179.3,115,300.7,89,11.9,8,2,False.
DE,117,415,no,no,0,168.8,137,241.4,107,204.8,106,15.5,4,0,False.
IA,63,510,no,no,0,153.5,81,287.3,115,230.2,85,6.5,5,2,False.
VT,126,415,no,no,0,226.2,88,140.3,114,208.9,110,6.4,2,0,False.
OR,132,510,no,no,0,191.9,107,206.9,127,272.0,88,12.6,2,1,False.
NV,81,415,no,yes,28,167.9,147,190.7,105,193.0,103,9.2,6,4,True.
NC,122,415,no,no,0,180.0,88,145.0,77,233.7,120,11.5,6,2,False.
NJ,46,408,no,no,0,257.4,67,261.1,91,204.4,107,13.4,5,2,True.
MN,150,415,no,yes,28,174.4,75,169.9,80,201.6,130,11.0,4,1,False.
ID,99,408,no,no,0,159.7,83,155.4,121,255.7,114,8.4,3,1,False.
AL,87,408,no,no,0,237.2,124,222.6,87,173.3,81,11.0,3,1,False.
AK,108,415,no,no,0,103.0,129,242.3,103,170.2,89,7.9,3,1,False.
VT,101,415,no,no,0,153.8,89,234.0,89,196.3,77,11.6,2,4,False.
PA,53,415,no,no,0,205.1,86,160.5,95,149.5,142,10.7,2,3,False.
AK,132,415,no,yes,39,175.7,93,187.2,94,225.5,118,8.6,3,2,False.
CA,158,510,no,no,0,155.9,123,224.2,112,221.0,116,8.6,8,2,False.
MS,114,415,no,yes,34,154.4,109,221.4,142,208.5,103,10.3,5,0,False.
AR,77,415,no,yes,23,209.7,73,183.6,63,205.5,111,7.1,3,2,False.
NV,144,415,yes,no,0,150.0,69,285.9,73,190.6,121,9.4,15,0,False.
AL,91,510,no,yes,23,232.4,97,186.0,88,190.5,128,12.3,3,3,False.
GA,58,408,no,no,0,165.4,100,115.7,87,193.8,118,12.8,5,2,False.
AR,5,415,no,no,0,199.2,106,187.3,12,214.0,85,13.3,3,3,False.
MA,97,408,no,no,0,217.6,81,320.5,51,150.7,110,4.2,3,0,False.
NJ,107,415,no,no,0,212.1,95,150.1,88,219.8,111,7.7,2,3,False.
MO,142,415,no,yes,30,154.0,75,165.8,97,270.0,83,10.8,5,1,False.
NY,9,408,no,yes,31,193.8,130,202.6,98,191.2,102,13.3,2,1,False.
AZ,73,415,no,no,0,175.4,130,248.1,105,122.4,85,12.2,4,0,False.
NJ,48,510,no,yes,22,152.0,63,258.8,131,263.2,109,15.7,5,2,True.
WV,43,408,no,no,0,230.2,147,186.7,121,128.4,100,9.2,3,0,False.
NM,122,408,no,yes,33,174.9,103,248.2,105,164.6,116,13.5,3,1,True.
SC,93,415,no,no,0,190.2,68,262.2,64,130.0,92,8.8,4,0,False.
VT,85,415,no,no,0,176.4,122,224.9,123,219.6,50,11.5,1,1,False.
TN,59,415,no,no,0,160.9,95,251.2,65,273.4,97,5.0,5,3,False.
LA,87,415,no,no,0,228.7,90,163.0,99,154.1,90,11.8,3,1,False.
OH,137,408,no,no,0,144.0,90,181.6,100,128.1,93,12.3,2,0,False.
OR,21,510,no,yes,31,135.9,90,271.0,84,179.1,89,9.5,7,6,False.
DE,129,510,no,no,0,334.3,118,192.1,104,191.0,83,10.4,6,0,True.
KY,104,415,no,no,0,130.5,77,131.2,117,264.7,63,13.0,6,0,False.
GA,93,408,no,yes,21,134.2,105,162.5,128,186.6,90,11.8,2,4,True.
VT,63,415,no,no,0,278.0,102,266.4,114,224.1,118,13.1,4,4,True.
OR,161,415,no,no,0,105.4,70,214.8,122,223.6,126,7.8,5,0,False.
TX,50,510,no,no,0,188.9,94,203.9,104,151.8,124,11.6,8,3,False.
MO,103,408,no,yes,24,111.8,85,239.6,102,268.3,81,6.9,4,1,False.
ND,84,415,no,yes,33,159.1,106,149.8,101,213.4,108,13.0,18,1,False.
MN,92,510,no,no,0,212.4,105,224.6,118,221.3,105,9.0,4,1,False.
NV,77,415,no,no,0,142.3,112,306.3,111,196.5,82,9.9,1,1,False.
NY,64,415,yes,no,0,346.8,55,249.5,79,275.4,102,13.3,9,1,True.
FL,159,415,no,yes,15,113.9,102,145.3,146,195.2,137,11.8,9,1,False.
KS,110,415,yes,yes,27,267.9,103,263.3,74,178.1,106,8.3,2,1,True.
NV,138,510,no,no,0,171.4,117,115.2,128,224.5,115,17.0,4,3,False.
NV,178,408,no,no,0,275.4,150,187.5,62,147.1,126,13.6,3,1,False.
SC,38,415,no,yes,31,197.2,118,249.9,70,298.9,104,3.9,2,0,False.
MI,50,415,no,yes,35,192.6,97,135.2,101,216.2,101,7.9,2,2,False.
MI,45,510,no,yes,26,91.7,104,150.6,119,63.3,103,7.7,5,1,False.
TN,70,510,no,no,0,126.3,99,141.6,106,255.9,96,9.6,2,0,False.
NY,147,510,no,yes,33,251.5,107,234.1,110,213.4,87,10.4,6,3,False.
NV,94,510,no,no,0,190.6,108,152.3,95,144.7,97,7.5,5,1,False.
IL,179,510,no,no,0,116.1,101,201.8,99,181.9,103,11.6,5,0,False.
MS,116,415,no,no,0,217.3,91,216.1,95,148.1,76,11.3,3,2,False.
ND,59,510,no,no,0,179.4,80,232.5,99,175.8,105,14.7,3,0,False.
NC,165,415,no,no,0,207.7,109,164.8,94,54.5,91,7.9,3,0,False.
